Date,S.No,Symbol,Conf.,Open,High,Low,Close,LTP,Close - LTP,Close - LTP %,VWAP,Vol,Prev. Close,Turnover,Trans.,Diff,Range,Diff %,Range %,VWAP %,52 Weeks High,52 Weeks Low,120 Days,180 Days
2025/08/25,21,BHL,29.32,197.1,200.0,197.1,198.93,199.30,-0.37,0.0,198.63,"120,674.00",197.31,"23,969,375.30",610,1.62,2.9,0.82,1.47,0.15,520.00,195.00,,
2025/08/26,20,BHL,29.11,200.0,201.0,198.2,198.58,199.00,-0.42,0.0,199.06,"84,326.00",198.93,"16,786,061.10",471,-0.35,2.8,-0.18,1.41,-0.24,520.00,195.00,,
2025/08/27,20,BHL,31.27,201.0,201.0,197.6,199.29,199.70,-0.41,0.0,198.80,"194,173.00",198.58,"38,601,253.90",840,0.71,3.4,0.36,1.72,0.25,520.00,195.00,,
2025/08/28,19,BHL,32.84,201.0,202.0,198.0,198.52,198.30,0.22,0.0,199.31,"141,798.00",199.29,"28,261,387.40",628,-0.77,4.0,-0.39,2.02,-0.4,520.00,195.00,,
2025/08/31,19,BHL,32.96,198.5,199.5,196.1,196.64,196.50,0.14,0.0,197.46,"136,945.00",198.52,"27,041,131.70",700,-1.88,3.4,-0.95,1.73,-0.42,520.00,195.00,,
2025/09/01,20,BHL,30.94,198.6,198.6,195.0,195.44,195.70,-0.26,0.0,195.56,"127,488.00",196.64,"24,932,177.50",648,-1.2,3.6,-0.61,1.85,-0.06,520.00,195.00,,
2025/09/02,20,BHL,29.98,199.0,199.0,193.0,193.23,193.50,-0.27,0.0,194.34,"147,169.00",195.44,"28,600,508.90",702,-2.21,6.0,-1.13,3.11,-0.57,520.00,193.00,,
2025/09/03,20,BHL,30.29,195.0,195.0,190.2,190.56,190.40,0.16,0.0,191.65,"148,580.00",193.23,"28,475,787.00",770,-2.67,4.8,-1.38,2.52,-0.57,520.00,190.20,,
2025/09/04,20,BHL,28.5,192.0,192.0,187.9,188.92,189.50,-0.58,0.0,188.60,"184,613.00",190.56,"34,818,733.10",844,-1.64,4.1,-0.86,2.18,0.17,520.00,187.90,,
2025/09/07,20,BHL,30.46,185.2,190.0,185.2,187.91,187.90,0.01,0.0,188.20,"217,764.00",188.92,"40,983,714.50",543,-1.01,4.8,-0.53,2.59,-0.16,520.00,185.20,,
2025/09/08,20,BHL,27.13,188.7,189.0,184.0,184.1,184.20,-0.1,0.0,184.99,"122,783.00",187.91,"22,713,241.20",626,-3.81,5.0,-2.03,2.72,-0.48,520.00,184.00,,
2025/09/18,17,BHL,20.31,180.5,180.5,167.0,167.0,167.00,0.0,0.0,170.72,"40,058.00",184.10,"6,838,818.10",137,-17.1,13.5,-9.29,8.08,-2.23,520.00,167.00,,
2025/09/21,20,BHL,35.54,164.0,183.7,164.0,183.7,183.70,0.0,0.0,179.25,"300,743.00",167.00,"53,908,480.90","1,442",16.7,19.70,10.0,12.01,2.42,520.00,164.00,,
2025/09/23,20,BHL,40.89,187.3,199.2,186.0,199.2,199.20,0.0,0.0,195.35,"283,139.00",183.70,"55,311,305.40","1,504",15.50,13.2,8.44,7.1,1.93,520.00,164.00,,
2025/09/24,19,BHL,36.98,200.0,200.0,190.0,193.6,193.60,0.0,0.0,194.38,"107,851.00",199.20,"20,964,577.40",614,-5.60,10.0,-2.81,5.26,-0.41,520.00,164.00,,
2025/09/25,20,BHL,32.77,193.0,195.0,190.0,192.0,192.00,0.0,0.0,192.10,"72,903.00",193.60,"14,005,027.90",394,-1.6,5.0,-0.83,2.63,-0.05,520.00,164.00,224.50,270.98
2025/07/30,19,BHL,31.85,216.3,223.0,216.3,217.63,218.00,-0.37,0.0,218.94,"219,904.00",220.63,"48,145,135.00",841,-3.0,6.7,-1.36,3.1,-0.6,520.00,202.20,,
2025/07/31,19,BHL,31.73,215.8,219.4,215.5,216.06,216.10,-0.04,0.0,216.71,"216,653.00",217.63,"46,950,453.50",998,-1.57,3.9,-0.72,1.81,-0.3,520.00,202.20,,
2025/08/03,19,BHL,32.23,215.0,216.8,212.0,212.87,213.10,-0.23,0.0,213.87,"315,598.00",216.06,"67,496,064.00","1,122",-3.19,4.8,-1.48,2.26,-0.47,520.00,202.20,,
2025/08/04,19,BHL,27.7,210.0,215.0,210.0,212.96,213.00,-0.04,0.0,213.08,"137,028.00",212.87,"29,197,687.30",665,0.09,5.0,0.04,2.38,-0.06,520.00,202.20,,
2025/08/05,19,BHL,29.32,212.0,215.9,211.0,211.29,211.50,-0.21,0.0,212.24,"127,522.00",212.96,"27,064,759.00",662,-1.67,4.9,-0.78,2.32,-0.45,520.00,202.20,,
2025/08/06,19,BHL,33.78,214.0,227.0,211.9,216.57,218.00,-1.43,-0.01,219.54,"1,057,048.00",211.29,"232,065,947.30","3,585",5.28,15.10,2.5,7.13,-1.37,520.00,202.20,,
2025/08/07,20,BHL,38.26,220.9,229.0,217.3,218.01,218.00,0.01,0.0,219.81,"468,475.00",216.57,"102,975,250.60","1,683",1.44,11.7,0.66,5.38,-0.83,520.00,202.20,,
2025/08/11,20,BHL,33.28,222.3,222.3,209.0,211.27,210.50,0.77,0.0,212.99,"784,628.00",218.01,"167,118,504.10","2,322",-6.74,13.3,-3.09,6.36,-0.81,520.00,202.20,,
2025/08/12,19,BHL,26.26,212.0,215.5,209.0,209.59,210.00,-0.41,0.0,210.65,"261,460.00",211.27,"55,075,548.30","1,078",-1.68,6.5,-0.8,3.11,-0.5,520.00,202.20,,
2025/08/13,18,BHL,32.96,212.7,212.7,201.0,202.35,205.00,-2.65,-0.01,204.57,"1,667,514.00",209.59,"341,121,096.40","4,140",-7.24,11.7,-3.45,5.82,-1.1,520.00,201.00,,
2025/08/14,19,BHL,33.7,205.0,206.0,195.0,200.4,201.90,-1.5,-0.01,198.76,"1,853,556.00",202.35,"368,418,918.10","4,534",-1.95,11.0,-0.96,5.64,0.82,520.00,195.00,,
2025/08/17,18,BHL,28.33,202.0,204.3,199.0,199.69,199.00,0.69,0.0,200.89,"547,124.00",200.40,"109,909,192.60","1,862",-0.71,5.3,-0.35,2.66,-0.6,520.00,195.00,,
2025/08/18,21,BHL,29.04,203.6,210.0,197.9,204.33,204.00,0.33,0.0,203.30,"587,716.00",199.69,"119,483,246.50","1,596",4.64,12.1,2.32,6.11,0.5,520.00,195.00,,
2025/08/19,18,BHL,27.63,204.5,207.0,202.0,202.96,203.20,-0.24,0.0,204.07,"205,440.00",204.33,"41,923,619.80",815,-1.37,5.0,-0.67,2.48,-0.55,520.00,195.00,,
2025/08/20,20,BHL,35.06,205.0,207.0,202.0,202.37,202.10,0.27,0.0,202.87,"122,174.00",202.96,"24,784,862.80",584,-0.59,5.0,-0.29,2.48,-0.24,520.00,195.00,,
2025/08/21,20,BHL,39.29,199.0,206.0,196.0,199.59,200.90,-1.31,-0.01,198.60,"714,789.00",202.37,"141,955,069.30","1,774",-2.78,10.0,-1.37,5.1,0.5,520.00,195.00,,
2025/07/07,18,BHL,23.86,209.0,216.0,209.0,210.89,210.90,-0.01,0.0,211.88,"103,100.00",212.75,"21,844,633.20",550,-1.86,7.0,-0.87,3.35,-0.47,520.00,202.20,,
2025/07/08,18,BHL,24.88,212.0,212.0,210.0,211.23,211.00,0.23,0.0,210.60,"113,249.00",210.89,"23,850,293.90",558,0.34,2.0,0.16,0.95,0.3,520.00,202.20,,
2025/07/09,18,BHL,25.29,213.0,213.0,210.1,211.94,211.50,0.44,0.0,212.01,"89,102.00",211.23,"18,890,242.30",409,0.71,2.9,0.34,1.38,-0.03,520.00,202.20,,
2025/07/10,19,BHL,27.28,212.0,213.8,210.1,210.44,210.50,-0.06,0.0,211.09,"150,162.00",211.94,"31,698,217.10",736,-1.5,3.7,-0.71,1.76,-0.31,520.00,202.20,,
2025/07/13,19,BHL,33.46,214.6,218.8,211.0,211.59,211.50,0.09,0.0,213.01,"175,776.00",210.44,"37,441,236.60",788,1.15,7.8,0.55,3.7,-0.67,520.00,202.20,,
2025/07/14,19,BHL,33.52,213.0,213.0,210.0,210.35,210.10,0.25,0.0,210.86,"109,737.00",211.59,"23,139,140.10",489,-1.24,3.00,-0.59,1.43,-0.24,520.00,202.20,,
2025/07/15,19,BHL,33.97,214.5,214.5,209.4,210.77,210.90,-0.13,0.0,210.80,"125,509.00",210.35,"26,457,645.40",520,0.42,5.10,0.2,2.44,-0.02,520.00,202.20,,
2025/07/16,19,BHL,29.73,214.0,214.0,210.0,210.74,211.40,-0.66,0.0,210.59,"244,488.00",210.77,"51,486,182.30",854,-0.03,4.0,-0.01,1.9,0.07,520.00,202.20,,
2025/07/17,18,BHL,48.11,214.9,217.0,211.0,215.73,216.10,-0.37,0.0,215.08,"337,693.00",210.74,"72,630,294.40","1,192",4.99,6.00,2.37,2.84,0.3,520.00,202.20,,
2025/07/20,18,BHL,50.93,216.0,224.0,215.2,219.5,218.50,1.0,0.0,220.95,"763,891.00",215.73,"168,785,412.80","2,601",3.77,8.8,1.75,4.09,-0.66,520.00,202.20,,
2025/07/21,19,BHL,43.52,220.0,220.9,216.2,218.63,219.00,-0.37,0.0,218.78,"200,063.00",219.50,"43,770,592.60",978,-0.87,4.7,-0.4,2.17,-0.07,520.00,202.20,,
2025/07/22,19,BHL,49.49,220.0,222.0,217.0,219.33,219.30,0.03,0.0,219.10,"411,124.00",218.63,"90,078,459.00","1,473",0.7,5.0,0.32,2.3,0.1,520.00,202.20,,
2025/07/23,19,BHL,53.32,221.0,227.4,219.0,224.99,225.50,-0.51,0.0,223.85,"717,381.00",219.33,"160,588,391.40","2,295",5.66,8.40,2.58,3.84,0.51,520.00,202.20,,
2025/07/24,19,BHL,47.83,228.0,229.0,223.0,224.48,224.90,-0.42,0.0,225.27,"465,492.00",224.99,"104,861,438.90","1,661",-0.51,6.0,-0.23,2.69,-0.35,520.00,202.20,,
2025/07/27,19,BHL,41.3,224.5,228.9,220.0,220.66,220.60,0.06,0.0,224.19,"561,935.00",224.48,"125,982,128.50","1,847",-3.82,8.9,-1.7,4.05,-1.6,520.00,202.20,,
2025/07/28,19,BHL,36.96,221.0,222.0,216.7,219.66,220.60,-0.94,0.0,218.91,"277,281.00",220.66,"60,698,296.20","1,177",-1.0,5.3,-0.45,2.45,0.34,520.00,202.20,,
2025/06/12,19,BHL,43.97,214.0,218.9,213.0,214.31,215.00,-0.69,0.0,216.31,"337,002.00",212.70,"72,895,305.10","1,340",1.61,5.9,0.76,2.77,-0.93,520.00,209.00,,
2025/06/15,19,BHL,42.58,214.0,218.0,212.7,213.04,213.00,0.04,0.0,214.44,"244,959.00",214.31,"52,530,145.20",869,-1.27,5.3,-0.59,2.49,-0.66,520.00,209.00,,
2025/06/16,19,BHL,41.38,215.0,215.0,211.5,212.0,212.00,0.0,0.0,213.35,"237,108.00",213.04,"50,586,283.80",946,-1.04,3.5,-0.49,1.65,-0.64,520.00,209.00,,
2025/06/17,19,BHL,33.27,215.0,215.0,211.1,211.66,211.60,0.06,0.0,212.35,"133,195.00",212.00,"28,284,269.70",585,-0.34,3.9,-0.16,1.85,-0.33,520.00,209.00,,
2025/06/18,19,BHL,37.15,212.0,215.5,210.1,212.41,213.00,-0.59,0.0,212.78,"196,163.00",211.66,"41,739,305.70",688,0.75,5.4,0.35,2.57,-0.17,520.00,209.00,,
2025/06/19,19,BHL,27.65,213.9,214.8,211.0,211.44,211.00,0.44,0.0,212.35,"272,986.00",212.41,"57,969,878.40","1,039",-0.97,3.80,-0.46,1.8,-0.43,520.00,209.00,,
2025/06/22,19,BHL,32.5,214.8,214.8,209.1,209.5,209.50,0.0,0.0,210.23,"251,321.00",211.44,"52,836,221.60",949,-1.94,5.70,-0.92,2.73,-0.35,520.00,209.00,,
2025/06/23,19,BHL,30.85,210.1,211.0,208.0,208.39,208.50,-0.11,0.0,208.87,"145,123.00",209.50,"30,311,863.90",712,-1.11,3.00,-0.53,1.44,-0.23,520.00,208.00,,
2025/06/24,19,BHL,31.16,210.5,210.9,207.5,207.96,208.00,-0.04,0.0,208.59,"194,579.00",208.39,"40,587,190.40",733,-0.43,3.40,-0.21,1.64,-0.3,520.00,207.50,,
2025/06/25,19,BHL,27.01,206.0,209.5,206.0,207.02,207.00,0.02,0.0,207.27,"143,366.00",207.96,"29,715,048.00",591,-0.94,3.5,-0.45,1.7,-0.12,520.00,206.00,,
2025/06/26,20,BHL,32.77,193.0,195.0,190.0,192.0,192.00,0.0,0.0,192.10,"72,903.00",193.60,"14,005,027.90",394,-1.6,5.0,-0.83,2.63,-0.05,520.00,164.00,224.50,270.98
2025/06/29,19,BHL,29.17,209.0,210.0,205.5,206.28,206.80,-0.52,0.0,206.65,"185,443.00",207.55,"38,322,295.40",788,-1.27,4.5,-0.61,2.19,-0.18,520.00,205.50,,
2025/06/30,19,BHL,44.94,202.2,217.0,202.2,214.95,214.70,0.25,0.0,209.65,"703,021.00",206.28,"147,387,602.60","1,192",8.67,14.80,4.2,7.32,2.47,520.00,202.20,,
2025/07/01,19,BHL,46.73,217.0,220.3,215.0,219.6,219.90,-0.3,0.0,219.11,"597,248.00",214.95,"130,862,406.50","1,892",4.65,5.3,2.16,2.47,0.22,520.00,202.20,,
2025/07/02,19,BHL,43.11,215.3,224.0,215.3,216.59,216.10,0.49,0.0,219.47,"308,411.00",219.60,"67,687,230.90","1,418",-3.01,8.7,-1.37,4.04,-1.33,520.00,202.20,,
2025/07/03,19,BHL,41.66,216.0,218.0,213.5,213.79,213.90,-0.11,0.0,215.00,"198,509.00",216.59,"42,679,208.40",887,-2.8,4.5,-1.29,2.11,-0.57,520.00,202.20,,
2025/05/18,19,BHL,30.51,221.4,221.4,215.2,215.54,215.80,-0.26,0.0,216.27,"206,505.00",217.07,"44,661,221.90",930,-1.53,6.2,-0.7,2.88,-0.34,520.00,211.70,,
2025/05/19,19,BHL,32.14,215.0,218.8,214.0,215.3,215.20,0.1,0.0,215.58,"273,979.00",215.54,"59,063,503.20","1,109",-0.24,4.80,-0.11,2.24,-0.13,520.00,211.70,,
2025/05/20,18,BHL,39.17,215.0,222.3,215.0,221.27,221.80,-0.53,0.0,218.47,"234,258.00",215.30,"51,178,015.30",842,5.97,7.3,2.77,3.4,1.27,520.00,211.70,,
2025/05/21,20,BHL,32.77,193.0,195.0,190.0,192.0,192.00,0.0,0.0,192.10,"72,903.00",193.60,"14,005,027.90",394,-1.6,5.0,-0.83,2.63,-0.05,520.00,164.00,224.50,270.98
2025/05/22,18,BHL,37.24,220.0,221.2,217.1,217.82,218.40,-0.58,0.0,218.40,"203,827.00",218.57,"44,515,246.30",708,-0.75,4.10,-0.34,1.89,-0.26,520.00,211.70,,
2025/05/25,18,BHL,39.69,217.9,220.0,215.0,216.65,216.90,-0.25,0.0,216.58,"237,541.00",217.82,"51,445,922.30",761,-1.17,5.0,-0.54,2.33,0.03,520.00,211.70,,
2025/05/26,19,BHL,38.73,220.9,225.0,216.0,216.74,216.30,0.44,0.0,218.36,"141,844.00",216.65,"30,973,661.30",657,0.09,9.0,0.04,4.17,-0.75,520.00,211.70,,
2025/05/27,20,BHL,24.41,212.5,219.6,212.5,215.6,215.70,-0.1,0.0,216.03,"146,409.00",216.74,"31,628,975.80",672,-1.14,7.1,-0.53,3.34,-0.2,520.00,211.70,,
2025/05/28,19,BHL,33.13,218.0,218.0,213.0,214.52,214.80,-0.28,0.0,214.14,"484,935.00",215.60,"103,842,926.70","1,257",-1.08,5.0,-0.5,2.35,0.18,520.00,211.70,,
2025/06/02,19,BHL,32.33,218.8,218.8,213.6,214.6,215.00,-0.4,0.0,214.99,"273,991.00",214.52,"58,904,612.00",949,0.08,5.20,0.04,2.43,-0.18,520.00,211.70,,
2025/06/03,19,BHL,31.13,215.0,216.5,211.9,212.88,213.00,-0.12,0.0,213.26,"208,007.00",214.60,"44,359,111.00",806,-1.72,4.6,-0.8,2.17,-0.18,520.00,211.70,,
2025/06/04,19,BHL,31.32,214.0,214.0,210.0,211.25,211.00,0.25,0.0,211.60,"170,281.00",212.88,"36,030,821.50",716,-1.63,4.0,-0.77,1.9,-0.16,520.00,210.00,,
2025/06/05,19,BHL,29.69,210.5,213.7,209.0,209.51,209.60,-0.09,0.0,210.33,"251,658.00",211.25,"52,931,464.30","1,021",-1.74,4.7,-0.82,2.25,-0.39,520.00,209.00,,
2025/06/08,20,BHL,34.8,211.0,212.5,209.6,210.62,210.80,-0.18,0.0,210.92,"235,382.00",209.51,"49,646,000.60",892,1.11,2.9,0.53,1.38,-0.14,520.00,209.00,,
2025/06/09,19,BHL,35.82,213.0,213.3,210.0,211.48,212.00,-0.52,0.0,211.84,"239,330.00",210.62,"50,699,473.80",662,0.86,3.3,0.41,1.57,-0.17,520.00,209.00,,
2025/06/10,18,BHL,37.34,213.4,214.6,212.0,213.34,213.90,-0.56,0.0,213.22,"233,063.00",211.48,"49,694,264.10",773,1.86,2.6,0.88,1.23,0.06,520.00,209.00,,
2024/08/12,19,BHL,69.0,430.4,448.0,422.0,438.9,438.90,0.0,0.0,433.00,"68,970.00",422.00,"29,863,902.60",684,16.9,26.00,4.0,6.16,1.34,465.70,192.70,,
2024/09/09,18,BHL,58.33,456.9,460.0,441.2,455.0,455.00,0.0,0.0,449.41,"58,587.00",456.90,"26,329,871.00",362,-1.90,18.8,-0.42,4.26,1.23,479.00,192.70,,
2024/10/07,18,BHL,-,429.0,453.0,429.0,437.4,437.40,0.0,0.0,433.77,"16,064.00",436.90,"6,968,035.10",172,0.50,24.00,0.11,5.59,0.83,499.00,195.00,,
2024/11/10,19,BHL,-,343.9,370.9,343.9,370.9,370.90,0.0,0.0,367.34,"63,084.00",337.20,"23,173,259.30",330,33.7,27.00,9.99,7.85,0.96,520.00,195.00,,
2024/12/04,18,BHL,33.13,385.0,388.0,381.0,387.9,387.90,0.0,0.0,385.39,"14,482.00",385.00,"5,581,281.80",163,2.9,7.0,0.75,1.84,0.65,520.00,200.00,,
2025/01/01,18,BHL,21.24,341.0,370.0,335.2,352.3,352.30,0.0,0.0,348.43,"4,848.00",341.00,"1,689,173.10",83,11.3,34.8,3.31,10.38,1.1,520.00,270.00,,
2025/01/27,19,BHL,47.11,385.0,392.7,380.0,385.8,385.80,0.0,0.0,387.11,"21,710.00",385.00,"8,404,247.40",242,0.80,12.70,0.21,3.34,-0.34,520.00,297.00,,
2025/02/24,19,BHL,38.73,356.3,363.7,349.0,355.0,355.00,0.0,0.0,353.45,"45,130.00",363.50,"15,951,244.70",295,-8.50,14.70,-2.34,4.21,0.44,520.00,312.00,,
2025/03/23,18,BHL,31.22,331.0,336.0,324.4,326.29,327.00,-0.71,0.0,327.93,"9,103.00",335.11,"2,985,168.60",121,-8.82,11.6,-2.63,3.58,-0.5,520.00,312.70,,
2025/04/20,19,BHL,34.58,240.5,240.5,220.8,227.49,227.00,0.49,0.0,228.20,"2,483,763.00",245.32,"566,793,809.60","5,770",-17.83,19.7,-7.27,8.92,-0.31,520.00,211.70,,
2025/05/15,19,BHL,22.2,220.0,220.0,216.3,217.07,217.30,-0.23,0.0,217.56,"250,905.00",218.20,"54,588,029.90","1,014",-1.13,3.7,-0.52,1.71,-0.23,520.00,211.70,,
2025/06/11,19,BHL,38.76,214.0,215.0,211.2,212.7,213.90,-1.2,-0.01,212.56,"181,039.00",213.34,"38,481,780.60",700,-0.64,3.80,-0.3,1.8,0.07,520.00,209.00,,
2025/07/06,19,BHL,43.97,216.0,216.0,212.0,212.75,213.40,-0.65,0.0,213.82,"219,360.00",213.79,"46,903,843.90",866,-1.04,4.0,-0.49,1.89,-0.5,520.00,202.20,,
2025/07/29,19,BHL,39.48,224.0,224.0,220.0,220.63,220.50,0.13,0.0,221.95,"252,478.00",219.66,"56,037,372.20","1,039",0.97,4.00,0.44,1.82,-0.6,520.00,202.20,,
2025/08/24,20,BHL,32.14,202.0,202.0,197.0,197.31,198.00,-0.69,0.0,199.00,"207,247.00",199.59,"41,242,137.40",868,-2.28,5.0,-1.14,2.54,-0.86,520.00,195.00,,
2025/04/21,18,BHL,31.56,228.0,232.0,224.1,224.64,224.20,0.44,0.0,226.63,"1,205,420.00",227.49,"273,187,482.90","3,353",-2.85,7.9,-1.25,3.53,-0.89,520.00,211.70,,
2025/04/22,19,BHL,38.57,225.0,227.0,222.0,222.17,222.00,0.17,0.0,223.99,"691,652.00",224.64,"154,921,773.10","2,213",-2.47,5.0,-1.1,2.25,-0.82,520.00,211.70,,
2025/04/23,19,BHL,34.82,222.0,224.9,214.7,216.15,216.10,0.05,0.0,218.26,"1,004,689.00",222.17,"219,280,233.40","2,958",-6.02,10.2,-2.71,4.75,-0.97,520.00,211.70,,
2025/04/24,19,BHL,36.09,215.0,220.9,213.6,217.51,218.10,-0.59,0.0,217.21,"642,792.00",216.15,"139,622,024.40","1,921",1.36,7.3,0.63,3.42,0.14,520.00,211.70,,
2025/04/27,18,BHL,37.46,220.8,227.0,219.0,220.29,219.90,0.39,0.0,222.59,"728,854.00",217.51,"162,233,839.40","2,385",2.78,8.0,1.28,3.65,-1.04,520.00,211.70,,
2025/04/28,19,BHL,37.89,220.0,227.0,220.0,223.04,223.90,-0.86,0.0,224.35,"588,236.00",220.29,"131,972,382.00","1,578",2.75,7.0,1.25,3.18,-0.59,520.00,211.70,,
2025/04/29,18,BHL,35.04,227.0,227.0,217.3,217.76,218.00,-0.24,0.0,219.86,"482,378.00",223.04,"106,056,534.80","1,579",-5.28,9.7,-2.37,4.46,-0.97,520.00,211.70,,
2025/04/30,19,BHL,35.69,218.0,223.0,216.5,221.02,221.90,-0.88,0.0,220.50,"479,296.00",217.76,"105,683,335.00","1,618",3.26,6.5,1.5,3.0,0.24,520.00,211.70,,
2025/05/04,19,BHL,35.13,225.0,225.3,220.0,220.51,220.40,0.11,0.0,222.29,"394,641.00",221.02,"87,722,880.00","1,345",-0.51,5.3,-0.23,2.41,-0.81,520.00,211.70,,
2025/05/05,18,BHL,32.61,223.0,224.0,218.0,218.46,218.80,-0.34,0.0,218.97,"327,861.00",220.51,"71,792,556.40","1,048",-2.05,6.0,-0.93,2.75,-0.23,520.00,211.70,,
2025/05/06,19,BHL,33.55,220.0,221.0,217.9,218.85,218.90,-0.05,0.0,218.99,"337,105.00",218.46,"73,821,596.50","1,092",0.39,3.1,0.18,1.42,-0.06,520.00,211.70,,
2025/05/07,18,BHL,38.4,219.9,227.9,219.0,224.52,224.20,0.32,0.0,224.05,"601,632.00",218.85,"134,797,779.90","1,869",5.67,8.9,2.59,4.06,0.21,520.00,211.70,,
2025/05/08,18,BHL,39.14,229.0,229.9,223.0,226.85,226.90,-0.05,0.0,226.77,"623,183.00",224.52,"141,321,868.60","1,905",2.33,6.9,1.04,3.09,0.03,520.00,211.70,,
2025/05/11,18,BHL,34.72,229.0,230.0,221.0,221.58,221.90,-0.32,0.0,224.44,"391,155.00",226.85,"87,788,887.80","1,452",-5.27,9.0,-2.32,4.07,-1.29,520.00,211.70,,
2025/05/13,18,BHL,33.86,220.0,226.0,219.0,219.49,219.40,0.09,0.0,220.88,"308,252.00",221.58,"68,085,940.10","1,100",-2.09,7.0,-0.94,3.2,-0.63,520.00,211.70,,
2025/05/14,18,BHL,33.5,215.2,222.0,215.2,218.2,218.40,-0.2,0.0,218.35,"349,529.00",219.49,"76,318,620.90","1,097",-1.29,6.8,-0.59,3.16,-0.07,520.00,211.70,,
2025/03/24,19,BHL,38.75,325.0,340.0,313.1,339.37,340.00,-0.63,0.0,329.47,"8,729.00",326.29,"2,875,938.80",121,13.08,26.9,4.01,8.59,2.92,520.00,312.70,,
2025/03/25,18,BHL,26.29,340.0,344.0,320.6,329.72,331.80,-2.08,-0.01,330.94,"7,508.00",339.37,"2,484,721.40",105,-9.65,23.4,-2.84,7.3,-0.37,520.00,312.70,,
2025/03/26,20,BHL,32.77,193.0,195.0,190.0,192.0,192.00,0.0,0.0,192.10,"72,903.00",193.60,"14,005,027.90",394,-1.6,5.0,-0.83,2.63,-0.05,520.00,164.00,224.50,270.98
2025/03/27,19,BHL,31.94,326.0,335.0,326.0,331.62,335.00,-3.38,-0.01,331.13,"4,508.00",331.64,"1,492,734.70",71,-0.02,9.0,-0.01,2.76,0.15,520.00,312.70,,
2025/03/30,18,BHL,38.7,331.0,340.0,330.5,339.08,339.90,-0.82,0.0,335.59,"6,685.00",331.62,"2,243,414.10",92,7.46,9.5,2.25,2.87,1.03,520.00,312.70,,
2025/04/01,18,BHL,36.95,340.0,340.0,333.2,335.27,338.00,-2.73,-0.01,334.63,"4,700.00",339.08,"1,572,765.40",62,-3.81,6.80,-1.12,2.04,0.19,520.00,312.70,,
2025/04/02,18,BHL,38.1,333.5,335.0,312.7,319.0,320.00,-1.0,0.0,322.53,"56,038.00",335.27,"18,073,823.90",322,-16.27,22.30,-4.85,7.13,-1.11,520.00,312.70,,
2025/04/03,19,BHL,37.64,313.0,315.0,287.1,305.36,306.00,-0.64,0.0,304.83,"175,313.00",319.00,"53,439,866.50",965,-13.64,27.9,-4.28,9.72,0.18,520.00,287.10,,
2025/04/07,19,BHL,31.78,301.0,307.0,295.1,298.6,298.00,0.6,0.0,298.90,"67,574.00",305.36,"20,197,828.70",432,-6.76,11.9,-2.21,4.03,-0.1,520.00,287.10,,
2025/04/08,18,BHL,27.24,296.0,301.9,285.2,293.4,293.10,0.3,0.0,290.00,"40,089.00",298.60,"11,625,668.60",330,-5.20,16.70,-1.74,5.86,1.16,520.00,285.20,,
2025/04/09,18,BHL,32.13,295.0,298.0,288.0,289.34,289.20,0.14,0.0,290.73,"54,443.00",293.40,"15,828,242.40",289,-4.06,10.00,-1.38,3.47,-0.48,520.00,285.20,,
2025/04/10,19,BHL,35.47,288.0,292.9,281.5,283.49,282.20,1.29,0.0,285.13,"73,647.00",289.34,"20,999,272.60",485,-5.85,11.4,-2.02,4.05,-0.58,520.00,281.50,,
2025/04/13,19,BHL,34.17,277.9,277.9,255.2,255.2,255.20,0.0,0.0,255.57,"344,914.00",283.49,"88,148,497.20","1,012",-28.29,22.7,-9.98,8.89,-0.14,520.00,255.20,,
2025/04/15,18,BHL,32.7,250.1,260.2,229.7,230.46,229.70,0.76,0.0,231.96,"8,678,225.00",255.20,"2,012,993,143.00","9,268",-24.74,30.5,-9.69,13.28,-0.65,520.00,229.70,,
2025/04/16,19,BHL,32.55,225.9,253.5,211.7,253.5,253.50,0.0,0.0,236.10,"1,816,089.00",230.46,"428,774,357.40","3,889",23.04,41.8,10.0,19.74,6.86,520.00,211.70,,
2025/04/17,18,BHL,29.97,258.5,266.1,244.0,245.32,246.00,-0.68,0.0,254.24,"990,972.00",253.50,"251,946,555.50","3,484",-8.18,22.1,-3.23,9.06,-3.64,520.00,211.70,,
2025/02/25,19,BHL,29.49,356.0,357.0,349.0,355.0,355.00,0.0,0.0,351.36,"8,325.00",355.00,"2,925,078.60",133,0.0,8.00,0.0,2.29,1.03,520.00,312.00,,
2025/02/27,18,BHL,38.4,355.0,362.0,350.1,360.0,360.00,0.0,0.0,355.77,"14,434.00",355.00,"5,135,129.00",161,5.00,11.90,1.41,3.4,1.18,520.00,312.00,,
2025/03/02,18,BHL,47.79,355.1,366.0,355.1,366.0,366.00,0.0,0.0,363.26,"23,607.00",360.00,"8,575,560.70",215,6.00,10.90,1.67,3.07,0.75,520.00,312.00,,
2025/03/03,18,BHL,50.51,370.0,376.0,367.0,369.1,369.10,0.0,0.0,371.78,"28,106.00",366.00,"10,449,292.80",229,3.10,9.00,0.85,2.45,-0.73,520.00,312.00,,
2025/03/04,20,BHL,45.2,372.0,376.0,362.1,365.9,365.90,0.0,0.0,365.91,"10,087.00",369.10,"3,690,925.50",122,-3.2,13.9,-0.87,3.84,0.0,520.00,312.70,,
2025/03/05,18,BHL,45.34,360.0,367.0,358.7,365.0,365.00,0.0,0.0,361.15,"9,073.00",365.90,"3,276,675.30",107,-0.9,8.3,-0.25,2.31,1.06,520.00,312.70,,
2025/03/06,19,BHL,42.18,358.1,367.2,358.1,358.6,358.60,0.0,0.0,360.39,"9,835.00",365.00,"3,544,475.90",109,-6.40,9.10,-1.75,2.54,-0.5,520.00,312.70,,
2025/03/09,19,BHL,35.02,365.7,373.0,351.0,351.0,351.00,0.0,0.0,359.22,"11,360.00",358.60,"4,080,770.60",119,-7.6,22.00,-2.12,6.27,-2.34,520.00,312.70,,
2025/03/10,18,BHL,28.62,352.0,355.0,345.0,353.9,353.90,0.0,0.0,348.28,"5,286.00",351.00,"1,841,021.50",107,2.9,10.0,0.83,2.9,1.59,520.00,312.70,,
2025/03/11,18,BHL,29.95,350.0,353.0,340.0,343.0,343.00,0.0,0.0,343.77,"8,072.00",353.90,"2,774,876.00",106,-10.9,13.0,-3.08,3.82,-0.22,520.00,312.70,,
2025/03/12,19,BHL,26.97,340.0,348.9,340.0,343.5,343.50,0.0,0.0,342.31,"6,320.00",343.00,"2,163,421.70",82,0.5,8.9,0.15,2.62,0.35,520.00,312.70,,
2025/03/16,18,BHL,31.76,340.0,343.0,337.0,340.0,340.00,0.0,0.0,339.86,"7,805.00",343.50,"2,652,642.90",98,-3.5,6.00,-1.02,1.78,0.04,520.00,312.70,,
2025/03/17,19,BHL,24.53,333.2,340.0,333.2,339.0,339.00,0.0,0.0,337.35,"4,311.00",340.00,"1,454,325.40",81,-1.0,6.8,-0.29,2.04,0.49,520.00,312.70,,
2025/03/18,18,BHL,36.05,333.4,345.0,333.4,344.9,344.90,0.0,0.0,342.51,"5,412.00",339.00,"1,853,638.00",96,5.9,11.6,1.74,3.48,0.69,520.00,312.70,,
2025/03/19,19,BHL,32.32,340.0,344.0,335.3,335.9,335.90,0.0,0.0,338.11,"5,794.00",344.90,"1,959,001.70",65,-9.00,8.7,-2.61,2.59,-0.66,520.00,312.70,,
2025/03/20,19,BHL,28.07,335.0,340.0,334.0,335.11,335.00,0.11,0.0,335.75,"1,876.00",335.90,"629,863.20",66,-0.79,6.0,-0.24,1.8,-0.19,520.00,312.70,,
2025/01/28,19,BHL,44.09,380.3,388.0,380.1,388.0,388.00,0.0,0.0,382.45,"12,565.00",385.80,"4,805,470.00",128,2.20,7.90,0.57,2.08,1.43,520.00,297.00,,
2025/02/02,19,BHL,39.14,388.0,400.0,388.0,390.0,390.00,0.0,0.0,396.79,"29,842.00",388.00,"11,840,940.40",303,2.0,12.00,0.52,3.09,-1.74,520.00,298.00,,
2025/02/03,19,BHL,32.67,382.2,399.5,380.0,383.5,383.50,0.0,0.0,383.90,"17,027.00",390.00,"6,536,708.00",156,-6.5,19.5,-1.67,5.13,-0.1,520.00,298.00,,
2025/02/04,18,BHL,31.7,387.0,390.0,379.0,386.0,386.00,0.0,0.0,383.51,"10,563.00",383.50,"4,050,979.90",118,2.5,11.00,0.65,2.9,0.65,520.00,298.00,,
2025/02/05,18,BHL,35.61,388.3,393.0,382.1,388.8,388.80,0.0,0.0,386.48,"18,121.00",386.00,"7,003,366.60",153,2.8,10.90,0.73,2.85,0.6,520.00,298.00,,
2025/02/06,19,BHL,29.67,381.2,405.0,375.0,384.0,384.00,0.0,0.0,381.57,"14,893.00",388.80,"5,682,718.20",160,-4.8,30.0,-1.23,8.0,0.63,520.00,298.00,,
2025/02/09,18,BHL,29.88,386.3,388.0,375.0,379.0,379.00,0.0,0.0,379.46,"11,356.00",384.00,"4,309,138.10",113,-5.0,13.0,-1.3,3.47,-0.12,520.00,312.00,,
2025/02/10,18,BHL,27.01,375.0,386.0,370.0,377.0,377.00,0.0,0.0,372.64,"6,011.00",379.00,"2,239,937.40",112,-2.00,16.00,-0.53,4.32,1.16,520.00,312.00,,
2025/02/11,18,BHL,27.74,369.5,382.5,369.0,380.0,380.00,0.0,0.0,377.16,"8,436.00",377.00,"3,181,731.50",132,3.0,13.5,0.8,3.66,0.75,520.00,312.00,,
2025/02/12,18,BHL,27.96,373.0,385.0,373.0,373.0,373.00,0.0,0.0,375.74,"8,298.00",380.00,"3,117,852.70",119,-7.0,12.00,-1.84,3.22,-0.73,520.00,312.00,,
2025/02/13,20,BHL,32.77,193.0,195.0,190.0,192.0,192.00,0.0,0.0,192.10,"72,903.00",193.60,"14,005,027.90",394,-1.6,5.0,-0.83,2.63,-0.05,520.00,164.00,224.50,270.98
2025/02/16,19,BHL,29.92,367.5,377.4,363.0,372.0,372.00,0.0,0.0,368.28,"14,637.00",375.00,"5,390,487.40",147,-3.0,14.4,-0.8,3.97,1.0,520.00,312.00,,
2025/02/17,19,BHL,29.3,379.4,379.4,360.0,364.0,364.00,0.0,0.0,364.16,"18,853.00",372.00,"6,865,426.70",183,-8.0,19.4,-2.15,5.39,-0.04,520.00,312.00,,
2025/02/18,18,BHL,25.21,357.0,371.3,357.0,368.0,368.00,0.0,0.0,363.72,"7,016.00",364.00,"2,551,849.90",118,4.00,14.3,1.1,4.01,1.16,520.00,312.00,,
2025/02/20,18,BHL,23.15,374.0,374.0,356.0,366.0,366.00,0.0,0.0,363.38,"3,477.00",368.00,"1,263,467.90",96,-2.0,18.0,-0.54,5.06,0.72,520.00,312.00,,
2025/02/23,19,BHL,26.77,359.2,365.5,352.0,363.5,363.50,0.0,0.0,361.53,"6,358.00",366.00,"2,298,637.10",110,-2.50,13.50,-0.68,3.84,0.54,520.00,312.00,,
2025/01/02,18,BHL,23.91,359.3,365.0,337.3,350.0,350.00,0.0,0.0,352.68,"8,938.00",352.30,"3,152,228.30",79,-2.3,27.70,-0.65,8.21,-0.76,520.00,270.00,,
2025/01/05,19,BHL,41.32,354.0,376.0,354.0,374.7,374.70,0.0,0.0,368.63,"24,421.00",350.00,"9,002,357.20",224,24.7,22.0,7.06,6.21,1.62,520.00,276.90,,
2025/01/06,18,BHL,41.77,375.0,387.0,375.0,384.5,384.50,0.0,0.0,381.51,"27,218.00",374.70,"10,383,958.70",167,9.8,12.00,2.62,3.2,0.78,520.00,276.90,,
2025/01/07,19,BHL,37.93,384.0,385.0,370.8,377.0,377.00,0.0,0.0,377.37,"14,857.00",384.50,"5,606,578.70",173,-7.5,14.2,-1.95,3.83,-0.1,520.00,276.90,,
2025/01/08,19,BHL,39.02,383.7,384.0,371.2,378.0,378.00,0.0,0.0,379.22,"14,673.00",377.00,"5,564,239.40",124,1.0,12.80,0.27,3.45,-0.32,520.00,276.90,,
2025/01/09,19,BHL,43.17,375.0,375.0,365.0,366.0,366.00,0.0,0.0,369.59,"25,320.00",378.00,"9,358,095.40",152,-12.0,10.0,-3.17,2.74,-0.98,520.00,276.90,,
2025/01/12,18,BHL,22.58,359.0,370.0,359.0,359.1,359.10,0.0,0.0,362.56,"12,266.00",366.00,"4,447,190.00",75,-6.9,11.0,-1.89,3.06,-0.96,520.00,290.00,,
2025/01/13,19,BHL,22.73,355.0,369.2,355.0,358.0,358.00,0.0,0.0,359.75,"8,199.00",359.10,"2,949,568.90",96,-1.1,14.20,-0.31,4.0,-0.49,520.00,290.00,,
2025/01/15,18,BHL,22.61,360.0,360.0,350.9,353.0,353.00,0.0,0.0,353.41,"8,529.00",358.00,"3,014,213.30",102,-5.0,9.1,-1.4,2.59,-0.12,520.00,290.00,,
2025/01/16,18,BHL,30.98,350.0,362.0,350.0,359.0,359.00,0.0,0.0,357.36,"10,856.00",353.00,"3,879,456.60",105,6.00,12.00,1.7,3.43,0.46,520.00,290.00,,
2025/01/19,19,BHL,37.21,355.0,363.9,355.0,363.9,363.90,0.0,0.0,359.21,"14,878.00",359.00,"5,344,256.70",146,4.90,8.90,1.36,2.51,1.29,520.00,297.00,,
2025/01/20,18,BHL,37.51,365.5,373.0,362.0,368.1,368.10,0.0,0.0,367.66,"10,785.00",363.90,"3,965,191.20",111,4.2,11.00,1.15,3.04,0.12,520.00,297.00,,
2025/01/21,18,BHL,37.02,360.8,375.3,356.1,361.0,361.00,0.0,0.0,363.53,"15,791.00",368.10,"5,740,468.40",114,-7.1,19.2,-1.93,5.39,-0.7,520.00,297.00,,
2025/01/22,19,BHL,50.46,355.0,384.0,355.0,377.3,377.30,0.0,0.0,375.24,"28,677.00",361.00,"10,760,886.20",240,16.3,29.0,4.52,8.17,0.54,520.00,297.00,,
2025/01/23,18,BHL,37.99,371.1,384.0,371.0,374.8,374.80,0.0,0.0,374.55,"13,957.00",377.30,"5,227,557.20",143,-2.50,13.00,-0.66,3.5,0.07,520.00,297.00,,
2025/01/26,18,BHL,48.51,370.0,385.5,367.4,385.0,385.00,0.0,0.0,381.99,"33,656.00",374.80,"12,856,134.00",254,10.20,18.10,2.72,4.93,0.78,520.00,297.00,,
2024/12/05,18,BHL,31.95,389.0,389.0,373.4,374.5,374.50,0.0,0.0,377.30,"13,011.00",387.90,"4,909,088.00",138,-13.4,15.6,-3.45,4.18,-0.75,520.00,200.00,,
2024/12/08,18,BHL,32.37,372.0,375.0,361.2,368.0,368.00,0.0,0.0,367.39,"11,133.00",374.50,"4,090,161.70",121,-6.5,13.8,-1.74,3.82,0.17,520.00,211.00,,
2024/12/09,18,BHL,30.33,370.0,370.2,362.0,366.5,366.50,0.0,0.0,367.10,"10,270.00",368.00,"3,770,106.00",111,-1.5,8.2,-0.41,2.27,-0.16,520.00,211.00,,
2024/12/10,19,BHL,24.96,366.6,370.0,360.0,362.1,362.10,0.0,0.0,363.76,"8,043.00",366.50,"2,925,754.00",104,-4.4,10.0,-1.2,2.78,-0.46,520.00,211.00,,
2024/12/11,18,BHL,26.9,356.2,367.9,355.2,367.9,367.90,0.0,0.0,360.71,"9,586.00",362.10,"3,457,738.10",108,5.8,12.7,1.6,3.58,1.96,520.00,211.00,,
2024/12/12,18,BHL,28.45,370.0,372.0,362.1,363.0,363.00,0.0,0.0,367.42,"8,023.00",367.90,"2,947,804.10",109,-4.9,9.9,-1.33,2.73,-1.22,520.00,215.70,,
2024/12/16,19,BHL,31.6,363.0,363.0,342.3,342.3,342.30,0.0,0.0,349.83,"11,389.00",363.00,"3,984,174.80",131,-20.7,20.7,-5.7,6.05,-2.2,520.00,232.30,,
2024/12/17,18,BHL,30.69,343.0,349.0,335.0,345.0,345.00,0.0,0.0,338.61,"8,044.00",342.30,"2,723,743.00",126,2.7,14.0,0.79,4.18,1.85,520.00,232.30,,
2024/12/18,18,BHL,28.37,351.9,351.9,335.0,335.5,335.50,0.0,0.0,343.16,"6,302.00",345.00,"2,162,564.00",81,-9.5,16.9,-2.75,5.04,-2.28,520.00,252.30,,
2024/12/19,18,BHL,27.38,335.5,340.0,327.0,328.6,328.60,0.0,0.0,329.66,"9,067.00",335.50,"2,989,046.10",97,-6.9,13.0,-2.06,3.98,-0.32,520.00,252.30,,
2024/12/22,18,BHL,31.03,328.0,355.0,318.2,347.5,347.50,0.0,0.0,331.99,"13,658.00",328.60,"4,534,267.30",163,18.9,36.8,5.75,11.57,4.46,520.00,270.00,,
2024/12/23,19,BHL,40.93,353.0,382.0,347.0,382.0,382.00,0.0,0.0,370.40,"34,246.00",347.50,"12,684,720.60",305,34.50,35.00,9.93,10.09,3.04,520.00,270.00,,
2024/12/24,18,BHL,51.87,389.6,410.0,381.3,389.0,389.00,0.0,0.0,395.71,"42,337.00",382.00,"16,753,020.10",385,7.00,28.70,1.83,7.53,-1.72,520.00,270.00,,
2024/12/26,18,BHL,37.23,383.0,383.0,364.6,364.6,364.60,0.0,0.0,371.25,"11,371.00",389.00,"4,221,505.30",130,-24.4,18.4,-6.27,5.05,-1.82,520.00,270.00,,
2024/12/29,18,BHL,37.34,371.8,371.8,346.0,349.9,349.90,0.0,0.0,350.98,"19,444.00",364.60,"6,824,391.30",171,-14.7,25.8,-4.03,7.46,-0.31,520.00,270.00,,
2024/12/31,18,BHL,23.62,346.0,346.0,327.0,341.0,341.00,0.0,0.0,338.73,"9,334.00",349.90,"3,161,708.70",106,-8.90,19.00,-2.54,5.81,0.67,520.00,270.00,,
2024/11/11,18,BHL,-,378.3,407.9,374.0,395.0,395.00,0.0,0.0,400.54,"157,509.00",370.90,"63,087,881.00",988,24.1,33.9,6.5,9.06,-1.4,520.00,195.00,,
2024/11/12,18,BHL,-,402.9,407.0,384.0,386.8,386.80,0.0,0.0,391.12,"21,037.00",395.00,"8,227,977.30",260,-8.2,23.0,-2.08,5.99,-1.12,520.00,195.00,,
2024/11/13,18,BHL,47.07,392.0,425.0,385.1,425.0,425.00,0.0,0.0,391.41,"37,426.00",386.80,"14,649,047.50",298,38.2,39.9,9.88,10.36,7.9,520.00,195.00,,
2024/11/14,18,BHL,49.87,425.0,433.5,399.0,410.0,410.00,0.0,0.0,406.92,"84,484.00",425.00,"34,378,226.90",591,-15.0,34.50,-3.53,8.65,0.75,520.00,195.00,,
2024/11/17,19,BHL,51.12,410.0,418.2,396.0,398.5,398.50,0.0,0.0,401.58,"57,919.00",410.00,"23,258,842.60",353,-11.5,22.20,-2.8,5.61,-0.77,520.00,195.00,,
2024/11/19,19,BHL,40.94,395.0,399.8,385.0,386.1,386.10,0.0,0.0,390.69,"27,507.00",398.50,"10,746,818.80",245,-12.4,14.8,-3.11,3.84,-1.19,520.00,195.00,,
2024/11/20,19,BHL,27.87,386.1,386.1,377.1,377.1,377.10,0.0,0.0,382.46,"21,524.00",386.10,"8,232,045.20",183,-9.0,9.0,-2.33,2.39,-1.42,520.00,195.00,,
2024/11/21,19,BHL,32.89,384.6,390.0,375.0,376.0,376.00,0.0,0.0,383.52,"16,686.00",377.10,"6,399,431.50",190,-1.1,15.0,-0.29,4.0,-2.0,520.00,195.00,,
2024/11/24,19,BHL,31.64,383.0,390.0,367.1,367.1,367.10,0.0,0.0,371.81,"14,358.00",376.00,"5,338,379.00",183,-8.9,22.9,-2.37,6.24,-1.28,520.00,198.10,,
2024/11/25,19,BHL,31.75,367.1,376.0,363.0,370.0,370.00,0.0,0.0,367.91,"12,431.00",367.10,"4,573,507.50",157,2.9,13.00,0.79,3.58,0.56,520.00,198.10,,
2024/11/26,19,BHL,46.06,377.0,395.0,370.1,394.9,394.90,0.0,0.0,388.31,"33,643.00",370.00,"13,064,020.30",200,24.9,24.9,6.73,6.73,1.67,520.00,198.10,,
2024/11/27,18,BHL,46.75,402.7,410.0,397.0,401.5,401.50,0.0,0.0,403.43,"38,846.00",394.90,"15,671,596.40",282,6.6,13.0,1.67,3.27,-0.48,520.00,198.10,,
2024/11/28,18,BHL,40.04,407.0,407.0,385.1,385.5,385.50,0.0,0.0,390.18,"17,708.00",401.50,"6,909,219.30",172,-16.0,21.9,-3.99,5.69,-1.21,520.00,198.10,,
2024/12/01,18,BHL,37.95,380.0,390.5,369.5,369.5,369.50,0.0,0.0,381.82,"21,410.00",385.50,"8,174,786.50",203,-16.0,21.0,-4.15,5.68,-3.33,520.00,198.10,,
2024/12/02,19,BHL,39.82,370.0,392.1,370.0,376.0,376.00,0.0,0.0,378.76,"22,828.00",369.50,"8,646,361.00",176,6.5,22.1,1.76,5.97,-0.73,520.00,198.10,,
2024/12/03,18,BHL,37.11,383.5,392.0,383.4,385.0,385.00,0.0,0.0,387.74,"18,487.00",376.00,"7,168,166.60",193,9.0,8.6,2.39,2.24,-0.71,520.00,198.10,,
2024/10/08,20,BHL,32.77,193.0,195.0,190.0,192.0,192.00,0.0,0.0,192.10,"72,903.00",193.60,"14,005,027.90",394,-1.6,5.0,-0.83,2.63,-0.05,520.00,164.00,224.50,270.98
2024/10/09,18,BHL,-,433.2,468.0,433.2,448.8,448.80,0.0,0.0,441.45,"12,939.00",442.00,"5,711,936.00",107,6.80,34.80,1.54,8.03,1.64,499.00,195.00,,
2024/10/15,18,BHL,-,439.9,448.8,432.0,448.8,448.80,0.0,0.0,441.86,"7,662.00",448.80,"3,385,502.20",87,0.00,16.80,0.0,3.89,1.55,499.00,195.00,,
2024/10/16,18,BHL,-,439.9,453.0,435.0,447.0,447.00,0.0,0.0,447.02,"16,886.00",448.80,"7,548,388.10",136,-1.8,18.00,-0.4,4.14,0.0,499.00,195.00,,
2024/10/17,19,BHL,-,439.1,447.0,437.4,440.0,440.00,0.0,0.0,441.61,"16,714.00",447.00,"7,380,997.10",134,-7.0,9.6,-1.57,2.19,-0.36,499.00,195.00,,
2024/10/20,19,BHL,-,440.0,440.0,431.3,438.0,438.00,0.0,0.0,433.59,"18,767.00",440.00,"8,137,132.70",146,-2.0,8.70,-0.45,2.02,1.01,499.00,195.00,,
2024/10/21,18,BHL,-,446.0,454.9,438.3,453.0,453.00,0.0,0.0,446.11,"42,615.00",438.00,"19,010,778.10",348,15.0,16.60,3.42,3.79,1.52,499.00,195.00,,
2024/10/22,20,BHL,-,455.0,460.0,450.0,453.0,453.00,0.0,0.0,453.43,"17,213.00",453.00,"7,804,841.50",195,0.00,10.00,0.0,2.22,-0.09,499.00,195.00,,
2024/10/23,18,BHL,-,455.0,455.0,431.0,443.8,443.80,0.0,0.0,441.09,"15,561.00",453.00,"6,863,854.40",146,-9.2,24.00,-2.03,5.57,0.61,499.00,195.00,,
2024/10/24,18,BHL,-,440.0,443.7,430.0,438.1,438.10,0.0,0.0,436.00,"8,278.00",443.80,"3,609,247.10",121,-5.7,13.70,-1.28,3.19,0.48,499.00,195.00,,
2024/10/27,18,BHL,-,442.0,450.0,431.5,442.0,442.00,0.0,0.0,442.09,"25,168.00",438.10,"11,126,487.70",289,3.9,18.5,0.89,4.29,-0.02,499.00,195.00,,
2024/10/28,18,BHL,-,445.0,450.0,443.0,449.0,449.00,0.0,0.0,446.68,"26,734.00",442.00,"11,941,550.80",198,7.0,7.0,1.58,1.58,0.52,499.00,195.00,,
2024/10/29,18,BHL,-,456.7,459.9,450.0,458.0,458.00,0.0,0.0,455.59,"31,522.00",449.00,"14,361,082.00",255,9.0,9.9,2.0,2.2,0.53,499.00,195.00,,
2024/10/30,18,BHL,-,465.0,496.0,456.0,483.0,483.00,0.0,0.0,479.31,"69,537.00",458.00,"33,329,622.00",534,25.0,40.0,5.46,8.77,0.76,499.00,195.00,,
2024/11/05,18,BHL,-,491.9,520.0,483.0,513.2,513.20,0.0,0.0,497.21,"133,401.00",483.00,"66,328,901.10","1,102",30.2,37.0,6.25,7.66,3.11,520.00,195.00,,
2024/11/06,19,BHL,-,312.7,337.2,312.7,337.2,337.20,0.0,0.0,336.89,"5,247.00",306.60,"1,767,640.40",58,30.6,24.5,9.98,7.83,0.09,520.00,195.00,,
2024/09/10,18,BHL,54.87,446.0,467.0,446.0,455.0,455.00,0.0,0.0,457.56,"24,161.00",455.00,"11,055,132.80",300,0.0,21.00,0.0,4.71,-0.56,479.00,192.70,,
2024/09/11,19,BHL,48.48,446.0,463.0,441.0,449.9,449.90,0.0,0.0,447.74,"24,469.00",455.00,"10,955,851.10",247,-5.1,22.00,-1.12,4.99,0.48,479.00,195.00,,
2024/09/12,18,BHL,44.91,441.0,459.0,441.0,455.4,455.40,0.0,0.0,453.35,"30,098.00",449.90,"13,644,799.10",319,5.50,18.00,1.22,4.08,0.45,479.00,195.00,,
2024/09/15,19,BHL,59.44,455.5,499.0,455.5,490.0,490.00,0.0,0.0,485.90,"114,095.00",455.40,"55,438,511.90",973,34.60,43.5,7.6,9.55,0.84,499.00,195.00,,
2024/09/16,18,BHL,50.88,495.0,499.0,467.4,475.0,475.00,0.0,0.0,479.04,"39,975.00",490.00,"19,149,558.00",385,-15.0,31.60,-3.06,6.76,-0.85,499.00,195.00,,
2024/09/18,19,BHL,53.77,480.0,480.4,465.0,466.4,466.40,0.0,0.0,471.76,"27,310.00",475.00,"12,883,863.80",255,-8.6,15.4,-1.81,3.31,-1.15,499.00,195.00,,
2024/09/22,19,BHL,47.16,457.5,484.0,457.5,459.0,459.00,0.0,0.0,469.81,"24,374.00",466.40,"11,451,111.50",266,-7.4,26.5,-1.59,5.79,-2.35,499.00,195.00,,
2024/09/23,19,BHL,36.56,456.0,485.0,425.0,441.0,441.00,0.0,0.0,441.66,"33,220.00",459.00,"14,672,007.10",298,-18.0,60.00,-3.92,14.12,-0.15,499.00,195.00,,
2024/09/24,18,BHL,34.21,432.2,440.0,408.0,439.0,439.00,0.0,0.0,424.40,"26,225.00",441.00,"11,129,937.70",240,-2.0,32.00,-0.45,7.84,3.33,499.00,195.00,,
2024/09/25,18,BHL,35.63,431.0,473.0,407.0,452.0,452.00,0.0,0.0,429.17,"17,940.00",439.00,"7,699,249.50",200,13.0,66.0,2.96,16.22,5.05,499.00,195.00,,
2024/09/26,18,BHL,32.49,456.0,456.0,424.0,428.0,428.00,0.0,0.0,430.25,"10,827.00",452.00,"4,658,327.40",151,-24.0,32.0,-5.31,7.55,-0.53,499.00,195.00,,
2024/09/29,19,BHL,33.48,425.0,434.9,411.7,428.0,428.00,0.0,0.0,418.33,"13,970.00",428.00,"5,844,060.40",140,0.0,23.20,0.0,5.64,2.26,499.00,195.00,,
2024/09/30,18,BHL,33.9,420.0,452.0,412.0,436.9,436.90,0.0,0.0,423.94,"4,940.00",428.00,"2,094,247.50",136,8.9,40.0,2.08,9.71,2.97,499.00,195.00,,
2024/10/01,19,BHL,40.92,429.0,461.0,422.1,447.7,447.70,0.0,0.0,439.68,"22,430.00",436.90,"9,862,068.70",221,10.8,38.90,2.47,9.22,1.79,499.00,195.00,,
2024/10/02,18,BHL,54.36,439.0,455.0,425.2,438.6,438.60,0.0,0.0,432.57,"13,811.00",447.70,"5,974,160.30",141,-9.10,29.8,-2.03,7.01,1.38,499.00,195.00,,
2024/10/06,19,BHL,-,438.6,438.6,426.0,436.9,436.90,0.0,0.0,431.23,"10,271.00",438.60,"4,429,117.50",121,-1.70,12.60,-0.39,2.96,1.3,499.00,195.00,,
2024/08/13,19,BHL,63.96,430.2,452.5,430.0,438.8,438.80,0.0,0.0,434.91,"51,275.00",438.90,"22,299,793.10",437,-0.10,22.5,-0.02,5.23,0.89,465.70,192.70,,
2024/08/14,19,BHL,69.8,430.1,460.0,430.0,438.1,438.10,0.0,0.0,445.40,"68,242.00",438.80,"30,394,780.90",548,-0.7,30.0,-0.16,6.98,-1.67,465.70,192.70,,
2024/08/15,20,BHL,68.47,438.0,479.0,438.0,456.0,456.00,0.0,0.0,455.12,"68,353.00",438.10,"31,108,627.10",828,17.90,41.00,4.09,9.36,0.19,479.00,192.70,,
2024/08/18,19,BHL,59.24,460.0,464.1,433.0,447.0,447.00,0.0,0.0,445.70,"46,522.00",456.00,"20,734,812.50",552,-9.00,31.10,-1.97,7.18,0.29,479.00,192.70,,
2024/08/21,19,BHL,47.92,440.0,441.0,426.0,428.9,428.90,0.0,0.0,432.65,"30,238.00",447.00,"13,082,490.30",412,-18.10,15.00,-4.05,3.52,-0.87,479.00,192.70,,
2024/08/22,19,BHL,59.1,430.0,443.0,419.0,434.0,434.00,0.0,0.0,429.35,"43,033.00",428.90,"18,476,257.10",492,5.1,24.00,1.19,5.73,1.07,479.00,192.70,,
2024/08/25,18,BHL,47.12,440.0,450.0,421.0,425.0,425.00,0.0,0.0,438.22,"44,801.00",434.00,"19,632,784.10",482,-9.0,29.00,-2.07,6.89,-3.11,479.00,192.70,,
2024/08/27,19,BHL,43.62,417.0,442.0,412.0,415.2,415.20,0.0,0.0,422.01,"27,669.00",425.00,"11,676,674.00",392,-9.8,30.00,-2.31,7.28,-1.64,479.00,192.70,,
2024/08/28,18,BHL,43.55,420.0,428.0,396.3,421.0,421.00,0.0,0.0,415.25,"29,700.00",415.20,"12,332,913.80",319,5.8,31.70,1.4,8.0,1.37,479.00,192.70,,
2024/08/29,19,BHL,40.94,421.0,429.0,407.0,410.6,410.60,0.0,0.0,413.25,"13,773.00",421.00,"5,691,731.90",244,-10.4,22.0,-2.47,5.41,-0.65,479.00,192.70,,
2024/09/01,19,BHL,49.58,402.5,450.0,402.5,426.0,426.00,0.0,0.0,428.70,"42,962.00",410.60,"18,417,654.70",506,15.4,47.5,3.75,11.8,-0.63,479.00,192.70,,
2024/09/02,19,BHL,63.93,430.0,444.0,430.0,443.0,443.00,0.0,0.0,437.94,"38,984.00",426.00,"17,072,533.50",406,17.0,14.00,3.99,3.26,1.14,479.00,192.70,,
2024/09/03,19,BHL,58.84,450.0,450.0,427.3,433.0,433.00,0.0,0.0,434.50,"28,703.00",443.00,"12,471,495.00",270,-10.0,22.7,-2.26,5.31,-0.35,479.00,192.70,,
2024/09/04,19,BHL,56.32,430.0,434.0,402.0,425.0,425.00,0.0,0.0,419.14,"25,774.00",433.00,"10,803,013.70",246,-8.0,32.00,-1.85,7.96,1.38,479.00,192.70,,
2024/09/05,18,BHL,56.56,417.0,450.0,411.9,438.0,438.00,0.0,0.0,427.44,"28,091.00",425.00,"12,007,206.10",287,13.0,38.1,3.06,9.25,2.41,479.00,192.70,,
2024/09/08,19,BHL,50.71,429.5,460.0,429.5,456.9,456.90,0.0,0.0,452.10,"80,773.00",438.00,"36,517,512.60",632,18.90,30.50,4.32,7.1,1.05,479.00,192.70,,
2024/07/18,19,BHL,58.78,443.7,443.7,417.9,418.5,418.50,0.0,0.0,429.51,"65,750.00",435.00,"28,240,101.30",420,-16.50,25.80,-3.79,6.17,-2.63,446.90,192.70,,
2024/07/21,19,BHL,61.35,426.8,433.6,417.1,427.3,427.30,0.0,0.0,425.07,"72,155.00",418.50,"30,670,692.80",448,8.8,16.50,2.1,3.96,0.52,446.90,192.70,,
2024/07/22,18,BHL,59.41,427.0,465.0,419.1,456.6,456.60,0.0,0.0,432.65,"71,631.00",427.30,"30,991,238.80",488,29.30,45.90,6.86,10.95,5.25,465.00,192.70,,
2024/07/23,19,BHL,60.82,465.7,465.7,440.2,449.0,449.00,0.0,0.0,451.89,"45,648.00",456.60,"20,627,868.40",425,-7.60,25.50,-1.66,5.79,-0.64,465.70,192.70,,
2024/07/24,19,BHL,57.89,450.0,453.0,427.0,429.0,429.00,0.0,0.0,435.86,"41,274.00",449.00,"17,989,700.60",372,-20.00,26.00,-4.45,6.09,-1.6,465.70,192.70,,
2024/07/25,19,BHL,55.23,437.5,437.5,421.0,430.0,430.00,0.0,0.0,429.41,"33,252.00",429.00,"14,278,846.50",340,1.00,16.50,0.23,3.92,0.14,465.70,192.70,,
2024/07/28,19,BHL,53.7,438.0,438.6,415.0,430.0,430.00,0.0,0.0,420.42,"46,733.00",430.00,"19,647,538.60",203,0.00,23.60,0.0,5.69,2.23,465.70,192.70,,
2024/07/29,19,BHL,49.1,438.0,438.0,416.5,416.5,416.50,0.0,0.0,424.48,"29,837.00",430.00,"12,665,237.90",314,-13.50,21.50,-3.14,5.16,-1.92,465.70,192.70,,
2024/07/30,19,BHL,59.85,416.0,451.8,407.7,425.0,425.00,0.0,0.0,425.93,"85,984.00",416.50,"36,623,210.60",487,8.50,44.10,2.04,10.82,-0.22,465.70,192.70,,
2024/07/31,19,BHL,56.74,425.0,448.0,425.0,433.8,433.80,0.0,0.0,438.78,"56,383.00",425.00,"24,739,950.50",485,8.80,23.00,2.07,5.41,-1.15,465.70,192.70,,
2024/08/01,19,BHL,50.29,440.0,441.9,418.0,421.0,421.00,0.0,0.0,426.10,"28,884.00",433.80,"12,307,368.30",319,-12.8,23.90,-2.95,5.72,-1.21,465.70,192.70,,
2024/08/05,19,BHL,53.11,425.0,430.0,417.0,427.0,427.00,0.0,0.0,424.04,"31,217.00",421.00,"13,237,184.70",404,6.00,13.00,1.43,3.12,0.69,465.70,192.70,,
2024/08/06,18,BHL,46.68,431.0,435.0,390.1,393.0,393.00,0.0,0.0,411.85,"35,956.00",427.00,"14,808,557.80",375,-34.00,44.90,-7.96,11.51,-4.8,465.70,192.70,,
2024/08/07,19,BHL,53.17,393.0,420.0,387.4,415.0,415.00,0.0,0.0,407.79,"51,764.00",393.00,"21,108,811.50",435,22.00,32.60,5.6,8.42,1.74,465.70,192.70,,
2024/08/08,19,BHL,47.65,415.0,423.0,408.0,413.0,413.00,0.0,0.0,413.87,"38,979.00",415.00,"16,132,336.00",392,-2.00,15.00,-0.48,3.68,-0.21,465.70,192.70,,
2024/08/11,18,BHL,54.0,421.0,427.0,415.0,422.0,422.00,0.0,0.0,420.26,"72,823.00",413.00,"30,604,602.60",609,9.00,12.00,2.18,2.89,0.41,465.70,192.70,,
2024/06/25,18,BHL,49.0,349.0,359.0,347.0,356.9,356.90,0.0,0.0,353.52,"11,338.00",342.90,"4,008,230.10",173,14.0,12.0,4.08,3.46,0.95,394.00,192.70,,
2024/06/26,18,BHL,50.97,360.0,372.0,356.2,361.0,361.00,0.0,0.0,366.65,"32,843.00",356.90,"12,042,010.50",286,4.1,15.8,1.15,4.44,-1.57,394.00,192.70,,
2024/06/27,20,BHL,46.08,368.0,368.0,350.2,353.9,353.90,0.0,0.0,355.33,"5,750.00",361.00,"2,043,136.70",81,-7.10,17.80,-1.97,5.08,-0.4,394.00,192.70,,
2024/06/30,19,BHL,50.43,349.0,360.9,346.0,349.9,349.90,0.0,0.0,349.81,"4,640.00",353.90,"1,623,140.60",93,-4.0,14.90,-1.13,4.31,0.02,394.00,192.70,,
2024/07/01,19,BHL,49.83,343.1,360.0,343.1,359.9,359.90,0.0,0.0,355.59,"8,458.00",349.90,"3,007,605.70",112,10.00,16.9,2.86,4.93,1.2,394.00,192.70,,
2024/07/02,18,BHL,49.7,367.0,384.0,353.2,362.9,362.90,0.0,0.0,362.72,"16,154.00",359.90,"5,859,332.40",122,3.00,30.8,0.83,8.72,0.05,394.00,192.70,,
2024/07/03,18,BHL,47.96,357.0,364.0,350.0,360.9,360.90,0.0,0.0,358.48,"6,850.00",362.90,"2,455,609.90",106,-2.0,14.0,-0.55,4.0,0.67,394.00,192.70,,
2024/07/04,18,BHL,51.77,356.0,367.0,350.0,360.0,360.00,0.0,0.0,355.33,"9,384.00",360.90,"3,334,396.30",119,-0.9,17.0,-0.25,4.86,1.3,394.00,192.70,,
2024/07/07,20,BHL,32.77,193.0,195.0,190.0,192.0,192.00,0.0,0.0,192.10,"72,903.00",193.60,"14,005,027.90",394,-1.6,5.0,-0.83,2.63,-0.05,520.00,164.00,224.50,270.98
2024/07/08,19,BHL,37.84,348.0,353.0,345.1,345.1,345.10,0.0,0.0,348.66,"7,233.00",353.00,"2,521,836.00",102,-7.9,7.9,-2.24,2.29,-1.03,394.00,192.70,,
2024/07/09,18,BHL,44.0,352.0,353.0,342.0,348.4,348.40,0.0,0.0,346.38,"9,207.00",345.10,"3,189,125.50",137,3.3,11.0,0.96,3.22,0.58,394.00,192.70,,
2024/07/10,19,BHL,65.45,344.0,383.2,344.0,383.2,383.20,0.0,0.0,377.83,"62,716.00",348.40,"23,696,256.10",376,34.8,39.2,9.99,11.4,1.4,394.00,192.70,,
2024/07/11,19,BHL,74.18,390.8,421.5,390.8,421.5,421.50,0.0,0.0,416.16,"109,134.00",383.20,"45,417,711.80",795,38.3,30.70,9.99,7.86,1.27,421.50,192.70,,
2024/07/14,19,BHL,70.61,429.9,433.0,399.9,406.0,406.00,0.0,0.0,406.29,"74,589.00",421.50,"30,304,744.20",372,-15.5,33.10,-3.68,8.28,-0.07,433.00,192.70,,
2024/07/15,18,BHL,64.62,397.9,422.0,394.0,415.0,415.00,0.0,0.0,404.50,"66,121.00",406.00,"26,745,930.40",473,9.00,28.00,2.22,7.11,2.53,433.00,192.70,,
2024/07/16,18,BHL,64.8,414.9,446.9,410.0,431.0,431.00,0.0,0.0,425.39,"68,683.00",415.00,"29,216,742.10",406,16.0,36.90,3.86,9.0,1.3,446.90,192.70,,
2024/05/30,18,BHL,51.07,322.3,337.9,322.3,335.8,335.80,0.0,0.0,333.53,"9,099.00",328.00,"3,034,826.40",143,7.80,15.60,2.38,4.84,0.67,394.00,192.70,,
2024/06/02,19,BHL,62.67,342.5,348.0,335.7,343.5,343.50,0.0,0.0,341.76,"8,985.00",335.80,"3,070,669.20",158,7.70,12.30,2.29,3.66,0.51,394.00,192.70,,
2024/06/03,18,BHL,59.77,350.3,350.3,335.1,344.7,344.70,0.0,0.0,341.84,"6,585.00",343.50,"2,250,999.00",115,1.20,15.20,0.35,4.54,0.83,394.00,192.70,,
2024/06/04,18,BHL,56.71,351.5,351.5,332.0,342.0,342.00,0.0,0.0,337.44,"2,815.00",344.70,"949,906.50",80,-2.70,19.50,-0.78,5.87,1.33,394.00,192.70,,
2024/06/05,19,BHL,47.7,335.2,340.0,329.0,339.0,339.00,0.0,0.0,333.30,"5,523.00",342.00,"1,840,799.70",74,-3.00,11.00,-0.88,3.34,1.68,394.00,192.70,,
2024/06/06,19,BHL,40.75,345.7,345.7,327.5,330.0,330.00,0.0,0.0,332.00,"5,851.00",339.00,"1,942,546.00",95,-9.0,18.20,-2.65,5.56,-0.61,394.00,192.70,,
2024/06/09,19,BHL,45.65,330.0,340.0,325.5,338.9,338.90,0.0,0.0,333.30,"11,229.00",330.00,"3,742,579.40",151,8.9,14.50,2.7,4.45,1.65,394.00,192.70,,
2024/06/10,19,BHL,53.3,338.0,351.0,338.0,344.9,344.90,0.0,0.0,344.95,"23,547.00",338.90,"8,122,542.30",196,6.0,13.00,1.77,3.85,-0.01,394.00,192.70,,
2024/06/11,19,BHL,62.62,350.0,369.2,345.1,357.1,357.10,0.0,0.0,357.32,"35,873.00",344.90,"12,818,170.20",323,12.2,24.10,3.54,6.98,-0.06,394.00,192.70,,
2024/06/12,18,BHL,66.1,364.2,375.3,364.0,366.9,366.90,0.0,0.0,370.22,"38,428.00",357.10,"14,227,005.60",356,9.8,11.3,2.74,3.1,-0.91,394.00,192.70,,
2024/06/13,18,BHL,63.44,361.1,376.0,361.0,367.9,367.90,0.0,0.0,368.22,"29,645.00",366.90,"10,915,927.10",258,1.0,15.0,0.27,4.16,-0.09,394.00,192.70,,
2024/06/16,19,BHL,54.52,375.0,375.0,355.0,359.0,359.00,0.0,0.0,361.41,"20,937.00",367.90,"7,566,915.10",190,-8.9,20.0,-2.42,5.63,-0.67,394.00,192.70,,
2024/06/18,19,BHL,44.47,359.0,366.0,344.9,347.0,347.00,0.0,0.0,353.79,"20,071.00",359.00,"7,100,952.60",191,-12.0,21.10,-3.34,6.12,-1.96,394.00,192.70,,
2024/06/19,18,BHL,42.85,350.0,359.9,343.1,349.0,349.00,0.0,0.0,348.27,"8,348.00",347.00,"2,907,389.00",116,2.0,16.8,0.58,4.9,0.21,394.00,192.70,,
2024/06/20,18,BHL,40.31,350.0,354.9,343.5,349.0,349.00,0.0,0.0,346.46,"6,210.00",349.00,"2,151,540.10",98,0.0,11.40,0.0,3.32,0.73,394.00,192.70,,
2024/06/23,18,BHL,36.51,352.0,352.0,338.0,342.0,342.00,0.0,0.0,342.56,"2,650.00",349.00,"907,790.50",85,-7.0,14.0,-2.01,4.14,-0.16,394.00,192.70,,
2024/05/05,18,BHL,44.08,318.1,335.9,318.0,322.9,322.90,0.0,0.0,322.30,"4,675.00",322.00,"1,506,748.40",102,0.9,17.9,0.28,5.63,0.19,394.00,192.70,,
2024/05/06,18,BHL,40.05,322.9,329.0,316.5,320.0,320.00,0.0,0.0,319.52,"1,572.00",322.90,"502,292.00",52,-2.90,12.50,-0.9,3.95,0.15,394.00,192.70,,
2024/05/07,18,BHL,42.56,315.0,332.0,315.0,320.0,320.00,0.0,0.0,322.08,"6,424.00",320.00,"2,069,068.60",63,0.00,17.0,0.0,5.4,-0.65,394.00,192.70,,
2024/05/08,19,BHL,49.97,314.2,326.9,314.2,320.0,320.00,0.0,0.0,320.85,"5,345.00",320.00,"1,714,963.50",75,0.0,12.7,0.0,4.04,-0.27,394.00,192.70,,
2024/05/09,19,BHL,48.3,324.0,324.9,315.5,319.5,319.50,0.0,0.0,317.89,"5,023.00",320.00,"1,596,751.00",93,-0.5,9.40,-0.16,2.98,0.5,394.00,192.70,,
2024/05/12,19,BHL,45.59,316.1,324.9,316.1,319.7,319.70,0.0,0.0,318.18,"2,013.00",319.50,"640,495.00",57,0.20,8.8,0.06,2.78,0.48,394.00,192.70,,
2024/05/13,18,BHL,46.16,313.4,325.0,313.4,319.0,319.00,0.0,0.0,317.17,"2,495.00",319.70,"791,335.00",58,-0.7,11.6,-0.22,3.7,0.57,394.00,192.70,,
2024/05/14,19,BHL,59.39,312.7,328.9,312.7,328.7,328.70,0.0,0.0,324.53,"8,526.00",319.00,"2,766,949.20",113,9.7,16.2,3.04,5.18,1.27,394.00,192.70,,
2024/05/15,19,BHL,56.85,330.0,336.0,321.1,325.0,325.00,0.0,0.0,324.76,"6,425.00",328.70,"2,086,565.30",70,-3.7,14.9,-1.13,4.64,0.07,394.00,192.70,,
2024/05/16,20,BHL,51.17,320.0,326.0,318.5,320.0,320.00,0.0,0.0,321.00,"4,373.00",325.00,"1,403,724.40",75,-5.0,7.5,-1.54,2.35,-0.31,394.00,192.70,,
2024/05/19,19,BHL,60.22,315.3,339.4,315.3,339.4,339.40,0.0,0.0,323.31,"5,894.00",320.00,"1,905,564.00",136,19.4,24.1,6.06,7.64,4.74,394.00,192.70,,
2024/05/20,19,BHL,65.54,346.1,346.1,327.0,334.6,334.60,0.0,0.0,334.27,"15,956.00",339.40,"5,333,582.50",184,-4.8,19.1,-1.41,5.84,0.1,394.00,192.70,,
2024/05/21,19,BHL,69.95,330.0,348.0,330.0,346.9,346.90,0.0,0.0,341.49,"16,465.00",334.60,"5,622,582.40",216,12.30,18.0,3.68,5.45,1.56,394.00,192.70,,
2024/05/22,18,BHL,62.77,353.7,353.7,335.0,335.0,335.00,0.0,0.0,342.03,"8,946.00",346.90,"3,059,840.50",108,-11.9,18.7,-3.43,5.58,-2.1,394.00,192.70,,
2024/05/26,19,BHL,45.1,335.0,339.0,326.1,328.0,328.00,0.0,0.0,328.61,"4,315.00",335.00,"1,417,935.50",93,-7.0,12.9,-2.09,3.96,-0.18,394.00,192.70,,
2024/05/27,19,BHL,44.25,328.0,340.0,322.0,325.0,325.00,0.0,0.0,327.70,"3,067.00",328.00,"1,005,050.10",98,-3.0,18.0,-0.91,5.59,-0.83,394.00,192.70,,
2024/04/03,20,BHL,32.77,193.0,195.0,190.0,192.0,192.00,0.0,0.0,192.10,"72,903.00",193.60,"14,005,027.90",394,-1.6,5.0,-0.83,2.63,-0.05,520.00,164.00,224.50,270.98
2024/04/04,19,BHL,36.44,349.0,351.9,342.4,348.0,348.00,0.0,0.0,345.07,"12,115.00",349.00,"4,180,552.00",109,-1.0,9.50,-0.29,2.77,0.84,394.00,192.70,,
2024/04/07,19,BHL,52.16,342.5,348.0,340.3,346.0,346.00,0.0,0.0,343.70,"6,220.00",348.00,"2,137,807.20",102,-2.0,7.70,-0.57,2.26,0.67,394.00,192.70,,
2024/04/09,20,BHL,32.77,193.0,195.0,190.0,192.0,192.00,0.0,0.0,192.10,"72,903.00",193.60,"14,005,027.90",394,-1.6,5.0,-0.83,2.63,-0.05,520.00,164.00,224.50,270.98
2024/04/10,19,BHL,56.15,345.0,361.0,345.0,350.0,350.00,0.0,0.0,354.42,"21,347.00",350.00,"7,565,749.20",243,0.0,16.00,0.0,4.64,-1.26,394.00,192.70,,
2024/04/14,19,BHL,47.98,344.0,355.9,344.0,348.0,348.00,0.0,0.0,349.72,"2,553.00",350.00,"892,827.00",100,-2.0,11.9,-0.57,3.46,-0.49,394.00,192.70,,
2024/04/15,19,BHL,36.74,342.0,354.9,340.2,344.7,344.70,0.0,0.0,344.80,"7,745.00",348.00,"2,670,511.60",103,-3.30,14.7,-0.95,4.32,-0.03,394.00,192.70,,
2024/04/16,19,BHL,35.78,342.0,344.7,335.0,344.7,344.70,0.0,0.0,337.05,"5,944.00",344.70,"2,003,429.00",118,0.0,9.7,0.0,2.9,2.22,394.00,192.70,,
2024/04/18,19,BHL,32.33,338.1,340.0,329.0,334.0,334.00,0.0,0.0,334.73,"4,980.00",344.70,"1,666,959.40",64,-10.7,11.0,-3.1,3.34,-0.22,394.00,192.70,,
2024/04/21,18,BHL,33.7,328.0,340.0,326.1,340.0,340.00,0.0,0.0,330.37,"3,923.00",334.00,"1,296,056.00",110,6.0,13.9,1.8,4.26,2.83,394.00,192.70,,
2024/04/22,19,BHL,29.94,333.2,343.0,327.1,336.0,336.00,0.0,0.0,336.71,"3,390.00",340.00,"1,141,456.00",72,-4.0,15.9,-1.18,4.86,-0.21,394.00,192.70,,
2024/04/24,18,BHL,33.52,337.0,344.7,329.0,330.0,330.00,0.0,0.0,331.10,"6,232.00",336.00,"2,063,421.70",92,-6.0,15.7,-1.79,4.77,-0.33,394.00,192.70,,
2024/04/25,18,BHL,40.75,335.0,335.0,323.0,329.4,329.40,0.0,0.0,326.41,"8,791.00",330.00,"2,869,450.50",105,-0.6,12.0,-0.18,3.72,0.91,394.00,192.70,,
2024/04/28,19,BHL,32.18,335.9,335.9,323.0,328.7,328.70,0.0,0.0,327.44,"2,964.00",329.40,"970,543.30",101,-0.7,12.9,-0.21,3.99,0.38,394.00,192.70,,
2024/04/29,19,BHL,39.23,335.2,335.2,323.0,325.0,325.00,0.0,0.0,326.40,"6,088.00",328.70,"1,987,121.30",76,-3.7,12.2,-1.13,3.78,-0.43,394.00,192.70,,
2024/04/30,19,BHL,52.35,320.1,341.5,320.0,331.0,331.00,0.0,0.0,325.44,"10,670.00",325.00,"3,472,417.00",134,6.00,21.50,1.85,6.72,1.68,394.00,192.70,,
2024/03/07,19,BHL,50.07,352.4,364.0,343.2,364.0,364.00,0.0,0.0,355.71,"21,416.00",349.00,"7,617,989.50",180,15.0,20.80,4.3,6.06,2.28,394.00,192.70,,
2024/03/10,19,BHL,41.2,364.0,370.0,347.0,353.0,353.00,0.0,0.0,358.12,"14,785.00",364.00,"5,294,736.80",166,-11.0,23.0,-3.02,6.63,-1.45,394.00,192.70,,
2024/03/12,19,BHL,52.02,353.0,360.0,347.1,356.0,356.00,0.0,0.0,351.66,"11,929.00",353.00,"4,194,895.30",157,3.00,12.9,0.85,3.72,1.22,394.00,192.70,,
2024/03/13,19,BHL,43.62,363.0,363.0,342.0,345.0,345.00,0.0,0.0,346.32,"9,890.00",356.00,"3,425,097.00",109,-11.0,21.0,-3.09,6.14,-0.38,394.00,192.70,,
2024/03/14,18,BHL,34.51,351.9,373.3,339.2,341.0,341.00,0.0,0.0,344.51,"7,018.00",345.00,"2,417,771.30",98,-4.0,34.1,-1.16,10.05,-1.03,394.00,192.70,,
2024/03/17,19,BHL,41.05,340.0,346.0,333.3,337.0,337.00,0.0,0.0,342.12,"14,390.00",341.00,"4,923,141.40",155,-4.0,12.7,-1.17,3.81,-1.52,394.00,192.70,,
2024/03/18,19,BHL,42.43,343.7,350.3,332.0,342.0,342.00,0.0,0.0,338.44,"6,770.00",337.00,"2,291,258.00",142,5.0,18.3,1.48,5.51,1.04,394.00,192.70,,
2024/03/19,19,BHL,53.95,335.2,356.6,335.2,347.4,347.40,0.0,0.0,347.46,"7,837.00",342.00,"2,723,014.40",117,5.4,21.40,1.58,6.38,-0.02,394.00,192.70,,
2024/03/20,19,BHL,53.4,347.0,364.1,341.1,345.9,345.90,0.0,0.0,350.19,"6,530.00",347.40,"2,286,758.00",132,-1.50,23.00,-0.43,6.74,-1.24,394.00,192.70,,
2024/03/21,19,BHL,49.73,342.0,359.0,337.0,343.0,343.00,0.0,0.0,341.51,"3,490.00",345.90,"1,191,858.00",72,-2.90,22.00,-0.84,6.53,0.44,394.00,192.70,,
2024/03/25,19,BHL,43.36,336.5,338.0,331.2,337.0,337.00,0.0,0.0,333.27,"5,019.00",343.00,"1,672,683.10",78,-6.00,6.80,-1.75,2.05,1.11,394.00,192.70,,
2024/03/26,19,BHL,50.67,343.7,360.0,331.3,353.9,353.90,0.0,0.0,353.33,"24,225.00",337.00,"8,559,494.00",222,16.9,28.70,5.01,8.66,0.16,394.00,192.70,,
2024/03/27,19,BHL,58.25,350.0,370.2,350.0,369.0,369.00,0.0,0.0,362.79,"45,375.00",353.90,"16,461,492.10",332,15.1,20.20,4.27,5.77,1.68,394.00,192.70,,
2024/03/28,19,BHL,57.35,362.0,373.0,361.4,364.0,364.00,0.0,0.0,367.43,"21,472.00",369.00,"7,889,409.50",201,-5.0,11.6,-1.36,3.21,-0.94,394.00,192.70,,
2024/03/31,19,BHL,56.63,371.0,375.0,351.3,353.0,353.00,0.0,0.0,356.14,"21,788.00",364.00,"7,759,593.00",223,-11.00,23.70,-3.02,6.75,-0.89,394.00,192.70,,
2024/04/01,19,BHL,35.18,360.0,360.0,345.0,345.0,345.00,0.0,0.0,348.59,"11,941.00",353.00,"4,162,516.30",149,-8.0,15.0,-2.27,4.35,-1.04,394.00,192.70,,
2024/02/12,18,BHL,62.68,329.9,359.1,322.0,359.1,359.10,0.0,0.0,345.73,"122,077.00",326.50,"42,206,203.80",755,32.60,37.10,9.98,11.52,3.72,370.00,192.70,,
2024/02/13,18,BHL,61.95,366.2,390.0,360.0,370.0,370.00,0.0,0.0,372.97,"114,319.00",359.10,"42,637,574.40",854,10.9,30.0,3.04,8.33,-0.8,390.00,192.70,,
2024/02/14,19,BHL,54.81,364.0,378.9,359.0,365.0,365.00,0.0,0.0,367.13,"53,202.00",370.00,"19,532,163.10",338,-5.0,19.9,-1.35,5.54,-0.58,390.00,192.70,,
2024/02/15,18,BHL,61.22,367.1,393.9,367.1,384.5,384.50,0.0,0.0,380.82,"122,222.00",365.00,"46,544,956.20",744,19.5,26.8,5.34,7.3,0.96,393.90,192.70,,
2024/02/18,18,BHL,50.85,387.0,394.0,377.0,388.1,388.10,0.0,0.0,385.84,"88,889.00",384.50,"34,296,820.60",497,3.6,17.0,0.94,4.51,0.58,394.00,192.70,,
2024/02/20,19,BHL,45.67,391.0,393.8,370.5,378.0,378.00,0.0,0.0,382.63,"81,512.00",388.10,"31,188,897.10",383,-10.10,23.3,-2.6,6.29,-1.22,394.00,192.70,,
2024/02/21,18,BHL,45.02,385.0,393.0,375.0,383.9,383.90,0.0,0.0,382.55,"29,245.00",378.00,"11,187,764.30",292,5.90,18.0,1.56,4.8,0.35,394.00,192.70,,
2024/02/22,19,BHL,36.85,385.0,389.8,355.0,369.0,369.00,0.0,0.0,370.08,"31,487.00",383.90,"11,652,707.10",222,-14.90,34.8,-3.88,9.8,-0.29,394.00,192.70,,
2024/02/25,19,BHL,36.67,362.5,362.5,334.0,335.0,335.00,0.0,0.0,348.74,"16,221.00",369.00,"5,656,871.70",203,-34.00,28.50,-9.21,8.53,-4.1,394.00,192.70,,
2024/02/26,19,BHL,35.5,332.0,351.9,332.0,343.0,343.00,0.0,0.0,338.68,"13,269.00",335.00,"4,493,931.00",203,8.00,19.90,2.39,5.99,1.26,394.00,192.70,,
2024/02/27,18,BHL,35.48,345.0,362.1,341.0,355.0,355.00,0.0,0.0,350.70,"14,593.00",343.00,"5,117,752.00",171,12.00,21.10,3.5,6.19,1.21,394.00,192.70,,
2024/02/28,19,BHL,34.5,348.0,362.1,342.1,347.0,347.00,0.0,0.0,349.21,"12,947.00",355.00,"4,521,278.70",127,-8.00,20.00,-2.25,5.85,-0.64,394.00,192.70,,
2024/02/29,18,BHL,34.98,341.0,346.0,321.0,321.0,321.00,0.0,0.0,332.43,"18,863.00",347.00,"6,270,687.30",138,-26.00,25.00,-7.49,7.79,-3.56,394.00,192.70,,
2024/03/03,18,BHL,32.99,321.0,329.0,312.0,312.8,312.80,0.0,0.0,317.45,"14,308.00",321.00,"4,542,023.00",131,-8.20,17.00,-2.55,5.45,-1.49,394.00,192.70,,
2024/03/04,17,BHL,29.84,319.0,344.0,319.0,344.0,344.00,0.0,0.0,343.43,"1,080.00",312.80,"370,905.00",9,31.2,25.0,9.97,7.84,0.17,394.00,192.70,,
2024/03/05,20,BHL,33.42,344.0,346.0,333.0,336.0,336.00,0.0,0.0,339.12,"17,331.00",344.00,"5,877,261.70",181,-8.00,13.00,-2.33,3.9,-0.93,394.00,192.70,,
2024/01/18,19,BHL,55.54,290.0,321.0,290.0,313.0,313.00,0.0,0.0,307.18,"32,427.00",294.90,"9,960,833.40",443,18.1,31.00,6.14,10.69,1.86,394.70,192.70,,
2024/01/21,19,BHL,56.76,315.0,334.0,314.0,319.9,319.90,0.0,0.0,325.11,"43,089.00",313.00,"14,008,876.40",466,6.9,20.00,2.2,6.37,-1.63,394.70,192.70,,
2024/01/22,18,BHL,48.81,315.0,317.0,304.0,310.0,310.00,0.0,0.0,310.43,"24,765.00",319.90,"7,687,722.90",278,-9.9,13.0,-3.09,4.28,-0.14,394.70,192.70,,
2024/01/23,19,BHL,58.57,305.2,310.0,300.1,308.0,308.00,0.0,0.0,303.85,"15,896.00",310.00,"4,830,073.00",250,-2.0,9.9,-0.65,3.3,1.35,394.70,192.70,,
2024/01/24,19,BHL,40.0,305.0,315.0,301.9,307.0,307.00,0.0,0.0,307.01,"12,304.00",308.00,"3,777,462.80",185,-1.0,13.1,-0.32,4.34,0.0,394.70,192.70,,
2024/01/25,19,BHL,39.55,301.0,309.0,298.0,309.0,309.00,0.0,0.0,301.58,"11,165.00",307.00,"3,367,137.50",177,2.0,11.00,0.65,3.69,2.4,394.70,192.70,,
2024/01/28,19,BHL,42.96,302.9,307.0,297.0,304.0,304.00,0.0,0.0,300.58,"5,315.00",309.00,"1,597,557.00",190,-5.0,10.0,-1.62,3.37,1.13,394.70,192.70,,
2024/01/29,18,BHL,58.89,298.2,315.0,298.2,309.1,309.10,0.0,0.0,310.96,"17,230.00",304.00,"5,357,846.00",284,5.1,16.8,1.68,5.63,-0.6,394.70,192.70,,
2024/01/30,19,BHL,55.53,307.0,334.0,307.0,320.0,320.00,0.0,0.0,319.68,"21,830.00",309.10,"6,978,553.30",305,10.9,27.0,3.53,8.79,0.1,394.70,192.70,,
2024/01/31,18,BHL,41.81,320.0,325.5,306.0,309.0,309.00,0.0,0.0,314.34,"13,197.00",320.00,"4,148,359.20",215,-11.00,19.50,-3.44,6.37,-1.73,394.70,192.70,,
2024/02/01,18,BHL,37.99,303.1,304.0,298.0,303.0,303.00,0.0,0.0,300.60,"12,903.00",309.00,"3,878,683.80",175,-6.0,6.0,-1.94,2.01,0.79,394.70,192.70,,
2024/02/04,18,BHL,36.65,303.0,306.0,298.9,305.8,305.80,0.0,0.0,301.50,"10,885.00",303.00,"3,281,867.30",215,2.8,7.1,0.92,2.38,1.4,394.70,192.70,,
2024/02/05,18,BHL,35.26,300.0,311.9,300.0,303.9,303.90,0.0,0.0,302.89,"5,510.00",305.80,"1,668,937.50",117,-1.9,11.9,-0.62,3.97,0.33,394.70,192.70,,
2024/02/06,19,BHL,37.94,309.8,309.8,298.0,300.9,300.90,0.0,0.0,303.00,"6,001.00",303.90,"1,818,324.00",147,-3.0,11.8,-0.99,3.96,-0.7,394.70,192.70,,
2024/02/07,19,BHL,44.82,300.0,312.5,300.0,308.0,308.00,0.0,0.0,306.98,"4,818.00",300.90,"1,479,025.30",178,7.1,12.5,2.36,4.17,0.33,394.70,192.70,,
2024/02/08,19,BHL,54.03,313.5,327.0,307.1,323.5,323.50,0.0,0.0,318.99,"48,546.00",308.00,"15,485,825.30",380,15.5,19.90,5.03,6.48,1.39,394.70,192.70,,
2023/12/20,19,BHL,65.43,257.6,287.1,256.2,287.1,287.10,0.0,0.0,279.00,"41,092.00",261.00,"11,464,649.10",342,26.10,30.90,10.0,12.06,2.82,394.70,192.70,,
2023/12/21,19,BHL,59.95,292.8,315.0,292.8,305.0,305.00,0.0,0.0,303.06,"43,145.00",287.10,"13,075,355.70",480,17.90,22.20,6.23,7.58,0.64,394.70,192.70,,
2023/12/24,19,BHL,62.65,300.0,311.1,290.0,305.0,305.00,0.0,0.0,304.98,"67,144.00",305.00,"20,477,270.60",457,0.0,21.10,0.0,7.28,0.01,394.70,192.70,,
2023/12/27,19,BHL,62.07,311.1,330.0,286.2,319.0,319.00,0.0,0.0,309.94,"53,449.00",305.00,"16,565,883.50",506,14.0,43.80,4.59,15.3,2.84,394.70,192.70,,
2023/12/28,19,BHL,50.88,319.0,324.0,310.0,310.0,310.00,0.0,0.0,315.85,"14,936.00",319.00,"4,717,591.50",262,-9.0,14.0,-2.82,4.52,-1.89,394.70,192.70,,
2024/01/01,19,BHL,44.99,310.0,310.0,289.1,291.0,291.00,0.0,0.0,297.15,"15,168.00",310.00,"4,507,212.80",205,-19.0,20.9,-6.13,7.23,-2.11,394.70,192.70,,
2024/01/02,18,BHL,42.34,290.0,295.0,280.0,280.0,280.00,0.0,0.0,284.95,"14,696.00",291.00,"4,187,552.00",190,-11.0,15.0,-3.78,5.36,-1.77,394.70,192.70,,
2024/01/03,19,BHL,43.96,280.0,297.1,270.0,294.0,294.00,0.0,0.0,285.53,"14,274.00",280.00,"4,075,649.80",210,14.00,27.1,5.0,10.04,2.88,394.70,192.70,,
2024/01/04,19,BHL,47.11,295.0,304.9,292.0,299.0,299.00,0.0,0.0,298.64,"22,781.00",294.00,"6,803,267.00",272,5.00,12.90,1.7,4.42,0.12,394.70,192.70,,
2024/01/07,19,BHL,42.21,295.0,299.0,285.0,285.0,285.00,0.0,0.0,291.23,"9,738.00",299.00,"2,836,004.40",158,-14.0,14.0,-4.68,4.91,-2.19,394.70,192.70,,
2024/01/08,19,BHL,48.7,280.0,303.8,280.0,303.0,303.00,0.0,0.0,295.16,"15,069.00",285.00,"4,447,838.00",237,18.0,23.80,6.32,8.5,2.59,394.70,192.70,,
2024/01/09,18,BHL,48.71,300.1,313.9,288.1,294.0,294.00,0.0,0.0,303.48,"30,742.00",303.00,"9,329,714.70",306,-9.0,25.8,-2.97,8.96,-3.23,394.70,192.70,,
2024/01/10,18,BHL,45.11,294.0,296.0,276.9,294.0,294.00,0.0,0.0,287.57,"11,595.00",294.00,"3,334,407.80",186,0.0,19.10,0.0,6.9,2.19,394.70,192.70,,
2024/01/11,19,BHL,44.71,288.3,307.0,288.0,295.0,295.00,0.0,0.0,292.36,"8,508.00",294.00,"2,487,371.90",148,1.00,19.0,0.34,6.6,0.9,394.70,192.70,,
2024/01/14,18,BHL,48.46,299.0,308.0,294.0,303.0,303.00,0.0,0.0,305.15,"21,948.00",295.00,"6,697,493.20",274,8.0,14.0,2.71,4.76,-0.71,394.70,192.70,,
2024/01/16,18,BHL,55.91,303.0,314.0,303.0,310.1,310.10,0.0,0.0,308.52,"28,106.00",303.00,"8,671,231.10",306,7.1,11.0,2.34,3.63,0.51,394.70,192.70,,
2023/11/27,19,BHL,51.48,207.8,215.5,207.8,208.2,208.20,0.0,0.0,210.28,"1,910.00",212.00,"401,642.00",86,-3.80,7.70,-1.79,3.71,-1.0,394.70,192.70,,
2023/11/28,18,BHL,55.51,206.0,216.9,206.0,211.0,211.00,0.0,0.0,212.73,"6,722.00",208.20,"1,429,952.00",105,2.8,10.9,1.34,5.29,-0.82,394.70,192.70,,
2023/11/29,18,BHL,51.15,209.0,214.0,205.0,205.0,205.00,0.0,0.0,208.18,"2,981.00",211.00,"620,596.00",63,-6.00,9.00,-2.84,4.39,-1.55,394.70,192.70,,
2023/11/30,18,BHL,33.5,204.0,206.0,201.0,206.0,206.00,0.0,0.0,203.26,"1,600.00",205.00,"325,219.00",75,1.0,5.00,0.49,2.49,1.33,394.70,192.70,,
2023/12/03,18,BHL,34.32,202.0,205.0,198.1,205.0,205.00,0.0,0.0,202.03,762.00,206.00,"153,945.00",63,-1.0,6.9,-0.49,3.48,1.45,394.70,192.70,,
2023/12/04,19,BHL,42.15,200.9,213.1,200.9,210.4,210.40,0.0,0.0,207.53,"2,065.00",205.00,"428,554.00",72,5.4,12.2,2.63,6.07,1.36,394.70,192.70,,
2023/12/05,19,BHL,38.3,206.2,207.0,202.0,204.0,204.00,0.0,0.0,204.20,"2,052.00",210.40,"419,026.90",59,-6.40,5.00,-3.04,2.48,-0.1,394.70,192.70,,
2023/12/06,19,BHL,27.78,204.0,205.0,200.0,203.0,203.00,0.0,0.0,202.96,680.00,204.00,"138,016.00",38,-1.0,5.00,-0.49,2.5,0.02,394.70,192.70,,
2023/12/07,19,BHL,51.33,203.0,217.9,200.1,208.0,208.00,0.0,0.0,204.98,"2,070.00",203.00,"424,313.00",91,5.0,17.80,2.46,8.9,1.45,394.70,192.70,,
2023/12/10,16,BHL,39.32,212.1,216.3,212.1,216.3,216.30,0.0,0.0,214.90,30.00,208.00,"6,447.00",3,8.30,4.2,3.99,1.98,0.65,394.70,192.70,,
2023/12/11,18,BHL,56.63,220.0,225.0,211.0,220.0,220.00,0.0,0.0,217.69,"6,994.00",216.30,"1,522,509.40",193,3.7,14.0,1.71,6.64,1.05,394.70,192.70,,
2023/12/12,19,BHL,61.45,215.7,240.0,215.7,232.4,232.40,0.0,0.0,232.34,"15,408.00",220.00,"3,579,950.30",195,12.40,24.30,5.64,11.27,0.02,394.70,192.70,,
2023/12/13,19,BHL,58.59,228.0,243.0,226.0,228.0,228.00,0.0,0.0,232.80,"6,540.00",232.40,"1,522,527.00",136,-4.4,17.0,-1.89,7.52,-2.11,394.70,192.70,,
2023/12/14,19,BHL,59.73,226.0,240.0,223.5,237.0,237.00,0.0,0.0,231.75,"9,853.00",228.00,"2,283,428.60",129,9.0,16.5,3.95,7.38,2.22,394.70,192.70,,
2023/12/17,18,BHL,65.5,233.0,260.7,232.3,260.7,260.70,0.0,0.0,254.88,"42,423.00",237.00,"10,812,878.50",400,23.7,28.40,10.0,12.23,2.23,394.70,192.70,,
2023/12/18,18,BHL,59.18,265.9,275.0,256.1,256.1,256.10,0.0,0.0,268.55,"25,927.00",260.70,"6,962,735.40",210,-4.60,18.90,-1.76,7.38,-4.86,394.70,192.70,,
2023/10/18,18,BHL,31.94,207.0,214.2,207.0,211.6,211.60,0.0,0.0,212.80,"1,258.00",210.00,"267,708.00",35,1.6,7.2,0.76,3.48,-0.57,394.70,192.70,,
2023/10/19,18,BHL,26.8,208.0,212.1,208.0,208.0,208.00,0.0,0.0,208.99,"1,400.00",211.60,"292,592.00",38,-3.6,4.1,-1.7,1.97,-0.48,394.70,192.70,,
2023/10/29,17,BHL,38.87,203.9,212.1,196.0,212.1,212.10,0.0,0.0,204.58,"1,710.00",208.00,"349,826.00",60,4.1,16.1,1.97,8.21,3.55,394.70,192.70,,
2023/10/30,18,BHL,34.28,207.9,207.9,203.8,206.0,206.00,0.0,0.0,205.59,482.00,212.10,"99,095.00",34,-6.1,4.1,-2.88,2.01,0.2,394.70,192.70,,
2023/10/31,18,BHL,33.64,202.6,206.0,202.0,206.0,206.00,0.0,0.0,203.10,830.00,206.00,"168,570.00",46,0.0,4.0,0.0,1.98,1.41,394.70,192.70,,
2023/11/01,19,BHL,36.73,202.0,210.1,202.0,204.2,204.20,0.0,0.0,204.80,962.00,206.00,"197,016.40",48,-1.8,8.1,-0.87,4.01,-0.29,394.70,192.70,,
2023/11/02,19,BHL,37.21,202.0,206.0,201.0,201.0,201.00,0.0,0.0,201.30,"2,690.00",204.20,"541,489.00",72,-3.2,5.0,-1.57,2.49,-0.15,394.70,192.70,,
2023/11/05,18,BHL,35.71,200.0,204.0,199.8,199.8,199.80,0.0,0.0,200.25,"1,700.00",201.00,"340,429.00",62,-1.2,4.2,-0.6,2.1,-0.23,394.70,192.70,,
2023/11/06,18,BHL,43.63,195.9,210.0,195.9,210.0,210.00,0.0,0.0,201.56,"1,311.00",199.80,"264,244.00",70,10.2,14.1,5.11,7.2,4.02,394.70,192.70,,
2023/11/07,18,BHL,39.77,211.0,211.0,202.9,203.6,203.60,0.0,0.0,204.48,"1,595.00",210.00,"326,139.00",35,-6.4,8.1,-3.05,3.99,-0.43,394.70,192.70,,
2023/11/08,18,BHL,38.81,200.0,208.1,200.0,204.0,204.00,0.0,0.0,203.17,285.00,203.60,"57,904.00",26,0.40,8.1,0.2,4.05,0.41,394.70,192.70,,
2023/11/09,18,BHL,42.19,201.0,216.0,201.0,206.0,206.00,0.0,0.0,203.31,"1,030.00",204.00,"209,411.00",44,2.0,15.0,0.98,7.46,1.31,394.70,192.70,,
2023/11/20,18,BHL,39.0,202.0,210.0,196.0,196.0,196.00,0.0,0.0,200.37,"7,605.00",206.00,"1,523,812.00",79,-10.00,14.00,-4.85,7.14,-2.23,394.70,192.70,,
2023/11/21,19,BHL,34.83,196.0,200.9,195.0,197.0,197.00,0.0,0.0,198.28,"1,315.00",196.00,"260,734.00",61,1.0,5.90,0.51,3.03,-0.65,394.70,192.70,,
2023/11/22,19,BHL,41.09,196.0,204.0,196.0,200.0,200.00,0.0,0.0,199.01,"2,155.00",197.00,"428,864.00",64,3.0,8.00,1.52,4.08,0.5,394.70,192.70,,
2023/11/23,19,BHL,46.84,197.0,208.0,196.0,204.0,204.00,0.0,0.0,200.50,"4,075.00",200.00,"817,019.00",78,4.0,12.0,2.0,6.12,1.72,394.70,192.70,,
2023/09/21,18,BHL,68.42,228.4,246.4,228.4,244.0,244.00,0.0,0.0,242.57,"25,755.00",224.00,"6,247,455.70",335,20.00,18.00,8.93,7.88,0.59,394.70,192.70,,
2023/09/24,18,BHL,61.0,239.2,243.7,225.0,234.3,234.30,0.0,0.0,230.62,"10,026.00",244.00,"2,312,195.20",194,-9.70,18.70,-3.98,8.31,1.57,394.70,192.70,,
2023/09/25,18,BHL,58.62,229.7,240.0,222.1,228.3,228.30,0.0,0.0,233.69,"6,760.00",234.30,"1,579,761.90",146,-6.0,17.9,-2.56,8.06,-2.36,394.70,192.70,,
2023/09/26,18,BHL,61.52,232.0,241.3,232.0,240.0,240.00,0.0,0.0,237.82,"6,025.00",228.30,"1,432,842.00",164,11.7,9.30,5.12,4.01,0.91,394.70,192.70,,
2023/09/27,18,BHL,43.62,236.0,240.0,232.0,232.0,232.00,0.0,0.0,235.86,"6,535.00",240.00,"1,541,317.90",109,-8.0,8.0,-3.33,3.45,-1.66,394.70,192.70,,
2023/10/01,17,BHL,49.64,228.0,241.7,224.1,232.0,232.00,0.0,0.0,231.79,"13,208.00",232.00,"3,061,448.70",157,0.0,17.6,0.0,7.85,0.09,394.70,192.70,,
2023/10/02,19,BHL,53.84,227.4,243.0,225.1,235.0,235.00,0.0,0.0,233.33,"10,249.00",232.00,"2,391,443.40",169,3.0,17.9,1.29,7.95,0.71,394.70,192.70,,
2023/10/03,17,BHL,46.27,231.0,241.0,226.4,241.0,241.00,0.0,0.0,234.04,"4,600.00",235.00,"1,076,605.00",102,6.0,14.6,2.55,6.45,2.89,394.70,192.70,,
2023/10/04,18,BHL,51.04,239.0,244.0,234.0,240.2,240.20,0.0,0.0,236.97,"7,532.00",241.00,"1,784,867.20",152,-0.8,10.0,-0.33,4.27,1.34,394.70,192.70,,
2023/10/05,17,BHL,42.7,243.0,243.0,231.1,235.0,235.00,0.0,0.0,233.35,"2,500.00",240.20,"583,386.00",76,-5.2,11.9,-2.16,5.15,0.7,394.70,192.70,,
2023/10/08,18,BHL,40.22,230.3,231.0,222.2,226.5,226.50,0.0,0.0,225.34,"13,655.00",235.00,"3,077,004.30",153,-8.5,8.8,-3.62,3.96,0.51,394.70,192.70,,
2023/10/09,17,BHL,35.02,222.1,236.5,221.1,222.7,222.70,0.0,0.0,225.52,"2,958.00",226.50,"667,093.20",100,-3.8,15.4,-1.68,6.97,-1.27,394.70,192.70,,
2023/10/10,17,BHL,34.56,220.0,226.0,218.3,224.7,224.70,0.0,0.0,222.21,"6,176.00",222.70,"1,372,388.00",124,2.0,7.7,0.9,3.53,1.11,394.70,192.70,,
2023/10/11,17,BHL,34.88,220.3,226.0,218.0,226.0,226.00,0.0,0.0,221.92,"2,490.00",224.70,"552,582.00",86,1.3,8.0,0.58,3.67,1.81,394.70,192.70,,
2023/10/12,19,BHL,29.49,221.5,221.5,207.8,207.8,207.80,0.0,0.0,212.25,"8,830.00",226.00,"1,874,144.70",131,-18.2,13.70,-8.05,6.59,-2.14,394.70,192.70,,
2023/10/16,18,BHL,20.54,204.0,211.0,203.6,207.0,207.00,0.0,0.0,204.53,"1,615.00",207.80,"330,315.00",96,-0.8,7.40,-0.38,3.63,1.19,394.70,192.70,,
2023/08/23,18,BHL,47.14,210.0,219.0,206.1,218.0,218.00,0.0,0.0,216.93,"3,016.00",210.20,"654,267.50",96,7.8,12.9,3.71,6.26,0.49,394.70,203.80,,
2023/08/24,18,BHL,41.36,213.8,219.0,208.8,209.0,209.00,0.0,0.0,211.45,"5,951.00",218.00,"1,258,356.70",112,-9.0,10.2,-4.13,4.89,-1.17,394.70,203.80,,
2023/08/27,17,BHL,38.9,205.1,212.0,205.1,207.2,207.20,0.0,0.0,208.35,"2,040.00",209.00,"425,032.00",86,-1.8,6.90,-0.86,3.36,-0.55,394.70,203.80,,
2023/08/28,18,BHL,44.28,204.4,215.0,204.4,208.0,208.00,0.0,0.0,208.74,"3,703.00",207.20,"772,952.00",99,0.8,10.6,0.39,5.19,-0.35,394.70,203.80,,
2023/08/29,18,BHL,38.94,204.3,212.1,204.3,206.6,206.60,0.0,0.0,206.94,"1,930.00",208.00,"399,395.00",102,-1.4,7.8,-0.67,3.82,-0.16,394.70,203.80,,
2023/08/30,18,BHL,45.26,204.0,207.9,204.0,207.9,207.90,0.0,0.0,206.07,"2,100.00",206.60,"432,745.00",60,1.3,3.9,0.63,1.91,0.88,394.70,203.80,,
2023/09/03,18,BHL,42.33,205.0,205.0,200.0,200.0,200.00,0.0,0.0,200.83,"6,020.00",207.90,"1,208,997.00",95,-7.9,5.0,-3.8,2.5,-0.42,394.70,200.00,,
2023/09/04,17,BHL,39.03,196.0,201.8,196.0,201.8,201.80,0.0,0.0,199.45,"1,480.00",200.00,"295,181.00",54,1.8,5.8,0.9,2.96,1.17,394.70,196.00,,
2023/09/05,17,BHL,39.33,200.0,201.0,200.0,200.0,200.00,0.0,0.0,200.10,"2,676.00",201.80,"535,476.00",56,-1.8,1.0,-0.89,0.5,-0.05,394.70,196.00,,
2023/09/07,18,BHL,32.68,196.0,204.0,195.0,196.0,196.00,0.0,0.0,196.76,"1,055.00",200.00,"207,582.00",69,-4.0,9.0,-2.0,4.62,-0.39,394.70,195.00,,
2023/09/10,18,BHL,37.47,196.0,199.9,192.7,195.0,195.00,0.0,0.0,194.94,"1,170.00",196.00,"228,080.00",62,-1.0,7.2,-0.51,3.74,0.03,394.70,192.70,,
2023/09/11,18,BHL,51.17,195.0,208.0,195.0,205.0,205.00,0.0,0.0,204.46,"5,040.00",195.00,"1,030,465.00",117,10.0,13.0,5.13,6.67,0.26,394.70,192.70,,
2023/09/12,18,BHL,50.08,208.0,209.0,201.0,206.0,206.00,0.0,0.0,203.07,"4,205.00",205.00,"853,895.50",87,1.0,8.0,0.49,3.98,1.42,394.70,192.70,,
2023/09/13,17,BHL,52.14,205.0,215.0,202.4,214.5,214.50,0.0,0.0,211.27,"3,505.00",206.00,"740,516.50",98,8.5,12.6,4.13,6.23,1.5,394.70,192.70,,
2023/09/17,17,BHL,48.71,217.0,217.0,201.5,204.0,204.00,0.0,0.0,207.38,"2,568.00",214.50,"532,545.00",67,-10.5,15.5,-4.9,7.69,-1.66,394.70,192.70,,
2023/09/18,17,BHL,45.2,204.0,210.0,201.0,204.0,204.00,0.0,0.0,206.09,"1,433.00",204.00,"295,324.90",58,0.0,9.0,0.0,4.48,-1.02,394.70,192.70,,
2023/07/31,17,BHL,45.03,242.0,261.1,241.0,261.1,261.10,0.0,0.0,249.32,"3,545.00",246.80,"883,842.40",124,14.3,20.1,5.79,8.34,4.51,397.00,225.40,,
2023/08/01,17,BHL,41.92,257.0,257.0,247.0,254.5,254.50,0.0,0.0,250.08,"4,188.00",261.10,"1,047,327.20",110,-6.60,10.00,-2.53,4.05,1.74,397.00,225.40,,
2023/08/02,17,BHL,44.01,259.0,259.0,243.0,248.0,248.00,0.0,0.0,244.93,"3,449.00",254.50,"844,771.20",101,-6.5,16.00,-2.55,6.58,1.24,397.00,225.40,,
2023/08/03,17,BHL,43.55,252.9,252.9,242.0,244.1,244.10,0.0,0.0,247.00,"2,215.00",248.00,"547,115.00",93,-3.9,10.9,-1.57,4.5,-1.19,397.00,225.40,,
2023/08/06,17,BHL,39.82,240.2,248.0,232.3,244.0,244.00,0.0,0.0,239.18,"7,144.00",244.10,"1,708,684.00",143,-0.1,15.70,-0.04,6.76,1.98,394.70,225.40,,
2023/08/07,17,BHL,37.36,239.2,244.8,230.0,233.8,233.80,0.0,0.0,235.11,"3,130.00",244.00,"735,888.40",115,-10.2,14.80,-4.18,6.43,-0.56,394.70,225.40,,
2023/08/08,17,BHL,33.18,238.0,238.0,229.2,230.3,230.30,0.0,0.0,231.31,"2,370.00",233.80,"548,198.00",118,-3.5,8.80,-1.5,3.84,-0.44,394.70,225.40,,
2023/08/09,17,BHL,43.24,226.0,239.6,225.7,239.6,239.60,0.0,0.0,228.21,"2,031.00",230.30,"463,487.40",107,9.3,13.90,4.04,6.16,4.76,394.70,225.40,,
2023/08/10,18,BHL,37.12,234.9,235.1,230.3,233.0,233.00,0.0,0.0,231.87,"1,340.00",239.60,"310,711.00",91,-6.6,4.8,-2.75,2.08,0.48,394.70,225.40,,
2023/08/13,17,BHL,50.75,228.4,235.0,225.0,234.0,234.00,0.0,0.0,229.44,"4,625.00",233.00,"1,061,158.00",162,1.00,10.00,0.43,4.44,1.95,394.70,225.00,,
2023/08/14,17,BHL,50.56,230.0,233.0,227.0,231.0,231.00,0.0,0.0,229.04,"4,055.00",234.00,"928,769.00",107,-3.0,6.0,-1.28,2.64,0.85,394.70,225.00,,
2023/08/15,18,BHL,38.64,226.4,226.4,218.0,218.0,218.00,0.0,0.0,220.25,"5,170.00",231.00,"1,138,712.00",92,-13.0,8.40,-5.63,3.85,-1.03,394.70,218.00,,
2023/08/16,17,BHL,43.15,215.0,226.7,211.1,226.7,226.70,0.0,0.0,215.02,"3,531.00",218.00,"759,248.10",103,8.7,15.60,3.99,7.39,5.15,394.70,211.10,,
2023/08/17,17,BHL,36.33,227.0,227.0,215.0,218.3,218.30,0.0,0.0,219.46,"1,215.00",226.70,"266,647.00",81,-8.4,12.00,-3.71,5.58,-0.53,394.70,211.10,,
2023/08/20,18,BHL,40.95,215.0,226.4,210.7,226.4,226.40,0.0,0.0,214.12,"1,130.00",218.30,"241,952.00",88,8.1,15.70,3.71,7.45,5.43,394.70,210.70,,
2023/08/21,18,BHL,49.14,226.0,230.0,206.8,215.0,215.00,0.0,0.0,212.41,"8,211.00",226.40,"1,744,069.70",111,-11.4,23.2,-5.04,11.22,1.21,394.70,206.80,,
2023/07/06,20,BHL,32.77,193.0,195.0,190.0,192.0,192.00,0.0,0.0,192.10,"72,903.00",193.60,"14,005,027.90",394,-1.6,5.0,-0.83,2.63,-0.05,520.00,164.00,224.50,270.98
2023/07/09,17,BHL,49.34,276.8,277.4,270.5,277.4,277.40,0.0,0.0,272.32,"2,555.00",282.00,"695,783.00",124,-4.6,6.9,-1.63,2.55,1.83,397.00,216.10,,
2023/07/10,18,BHL,44.85,272.5,274.5,264.0,274.5,274.50,0.0,0.0,268.56,"6,754.00",277.40,"1,813,831.50",125,-2.90,10.50,-1.05,3.98,2.17,397.00,216.10,,
2023/07/11,18,BHL,39.64,279.0,279.0,253.8,264.0,264.00,0.0,0.0,262.19,"7,222.00",274.50,"1,893,542.00",92,-10.5,25.20,-3.83,9.93,0.69,397.00,216.10,,
2023/07/12,18,BHL,46.74,259.1,273.3,255.1,272.0,272.00,0.0,0.0,266.26,"14,040.00",264.00,"3,738,331.60",132,8.0,18.2,3.03,7.13,2.11,397.00,216.10,,
2023/07/13,18,BHL,43.0,277.4,277.4,255.3,260.0,260.00,0.0,0.0,261.69,"7,622.00",272.00,"1,994,576.90",125,-12.0,22.10,-4.41,8.66,-0.65,397.00,225.00,,
2023/07/16,18,BHL,41.08,260.0,265.2,250.5,260.0,260.00,0.0,0.0,254.59,"3,290.00",260.00,"837,585.00",102,0.00,14.70,0.0,5.87,2.08,397.00,225.40,,
2023/07/17,17,BHL,48.13,260.0,265.0,250.3,264.9,264.90,0.0,0.0,259.09,"1,820.00",260.00,"471,548.00",101,4.9,14.70,1.88,5.87,2.19,397.00,225.40,,
2023/07/18,17,BHL,41.3,260.0,265.0,260.0,262.0,262.00,0.0,0.0,262.48,"2,878.00",264.90,"755,415.00",92,-2.90,5.00,-1.09,1.92,-0.18,397.00,225.40,,
2023/07/19,17,BHL,54.53,267.2,272.0,257.0,260.0,260.00,0.0,0.0,259.00,"9,399.00",262.00,"2,434,355.50",134,-2.0,15.00,-0.76,5.84,0.38,397.00,225.40,,
2023/07/20,17,BHL,53.1,260.0,265.0,250.0,258.0,258.00,0.0,0.0,254.08,"12,072.00",260.00,"3,067,222.00",126,-2.00,15.00,-0.77,6.0,1.52,397.00,225.40,,
2023/07/23,17,BHL,50.04,254.0,275.0,254.0,258.4,258.40,0.0,0.0,261.83,"6,704.00",258.00,"1,755,308.50",160,0.4,21.00,0.16,8.27,-1.33,397.00,225.40,,
2023/07/24,17,BHL,59.91,258.4,270.0,255.0,269.0,269.00,0.0,0.0,261.91,"7,734.00",258.40,"2,025,627.30",125,10.6,15.00,4.1,5.88,2.63,397.00,225.40,,
2023/07/25,17,BHL,52.88,265.0,265.0,260.1,265.0,265.00,0.0,0.0,261.97,"2,254.00",269.00,"590,473.00",84,-4.00,4.90,-1.49,1.88,1.14,397.00,225.40,,
2023/07/26,17,BHL,53.86,259.7,264.0,255.0,264.0,264.00,0.0,0.0,258.85,"3,670.00",265.00,"949,974.40",96,-1.00,9.00,-0.38,3.53,1.95,397.00,225.40,,
2023/07/27,18,BHL,46.14,259.0,260.0,254.8,254.8,254.80,0.0,0.0,256.69,"3,165.00",264.00,"812,436.00",76,-9.2,5.20,-3.48,2.04,-0.74,397.00,225.40,,
2023/06/12,18,BHL,57.81,316.2,316.2,297.1,303.0,303.00,0.0,0.0,300.12,"9,771.00",310.00,"2,932,447.00",153,-7.00,19.10,-2.26,6.43,0.95,397.00,201.20,,
2023/06/13,19,BHL,55.2,309.0,309.0,298.0,305.0,305.00,0.0,0.0,302.23,"9,598.00",303.00,"2,900,814.00",177,2.00,11.00,0.66,3.69,0.91,397.00,201.20,,
2023/06/14,19,BHL,59.12,307.0,317.2,300.0,308.9,308.90,0.0,0.0,302.82,"16,710.00",305.00,"5,060,174.50",217,3.90,17.20,1.28,5.73,1.97,397.00,201.20,,
2023/06/15,18,BHL,40.46,315.0,315.0,296.6,305.0,305.00,0.0,0.0,299.62,"3,725.00",308.90,"1,116,085.50",145,-3.9,18.40,-1.26,6.2,1.76,397.00,201.20,,
2023/06/18,18,BHL,51.79,299.1,307.9,299.0,305.0,305.00,0.0,0.0,302.59,"10,003.00",305.00,"3,026,812.30",152,0.0,8.90,0.0,2.98,0.79,397.00,201.20,,
2023/06/19,17,BHL,45.14,311.0,311.0,288.0,290.0,290.00,0.0,0.0,292.00,"12,830.00",305.00,"3,746,411.10",138,-15.00,23.00,-4.92,7.99,-0.69,397.00,201.20,,
2023/06/20,17,BHL,40.83,295.8,300.0,287.2,289.8,289.80,0.0,0.0,291.12,"6,210.00",290.00,"1,807,831.40",97,-0.2,12.8,-0.07,4.46,-0.45,397.00,201.20,,
2023/06/21,20,BHL,32.77,193.0,195.0,190.0,192.0,192.00,0.0,0.0,192.10,"72,903.00",193.60,"14,005,027.90",394,-1.6,5.0,-0.83,2.63,-0.05,520.00,164.00,224.50,270.98
2023/06/22,20,BHL,32.77,193.0,195.0,190.0,192.0,192.00,0.0,0.0,192.10,"72,903.00",193.60,"14,005,027.90",394,-1.6,5.0,-0.83,2.63,-0.05,520.00,164.00,224.50,270.98
2023/06/25,18,BHL,60.72,284.5,290.2,270.0,290.2,290.20,0.0,0.0,278.88,"14,532.00",279.00,"4,052,729.50",175,11.20,20.20,4.01,7.48,3.9,397.00,216.10,,
2023/06/26,18,BHL,64.04,296.0,301.9,283.0,295.0,295.00,0.0,0.0,292.40,"19,250.00",290.20,"5,628,654.00",136,4.8,18.9,1.65,6.68,0.88,397.00,216.10,,
2023/06/27,18,BHL,60.28,289.3,295.0,285.0,290.0,290.00,0.0,0.0,289.38,"8,962.00",295.00,"2,593,422.40",158,-5.00,10.00,-1.69,3.51,0.21,397.00,216.10,,
2023/06/28,17,BHL,45.67,295.5,301.4,280.0,283.0,283.00,0.0,0.0,282.69,"5,844.00",290.00,"1,652,013.60",119,-7.0,21.4,-2.41,7.64,0.11,397.00,216.10,,
2023/07/02,18,BHL,40.19,278.0,286.0,272.7,281.0,281.00,0.0,0.0,278.15,"8,614.00",283.00,"2,395,959.20",162,-2.0,13.3,-0.71,4.88,1.02,397.00,216.10,,
2023/07/03,17,BHL,36.11,286.6,286.6,270.0,272.0,272.00,0.0,0.0,273.77,"3,020.00",281.00,"826,789.50",85,-9.0,16.6,-3.2,6.15,-0.65,397.00,216.10,,
2023/07/04,18,BHL,38.03,277.4,282.8,264.0,282.8,282.80,0.0,0.0,270.63,"3,846.00",272.00,"1,040,857.50",101,10.80,18.8,3.97,7.12,4.3,397.00,216.10,,
2023/05/16,19,BHL,24.52,268.1,276.5,268.1,275.0,275.00,0.0,0.0,272.61,750.00,273.00,"204,461.00",47,2.0,8.4,0.73,3.13,0.87,397.00,104.70,,
2023/05/17,17,BHL,37.1,270.1,285.0,270.1,281.0,281.00,0.0,0.0,278.45,"1,991.00",275.00,"554,391.70",64,6.0,14.9,2.18,5.52,0.91,397.00,104.70,,
2023/05/18,18,BHL,48.43,275.5,289.9,275.5,289.0,289.00,0.0,0.0,284.19,"2,494.00",281.00,"708,758.00",72,8.0,14.4,2.85,5.23,1.67,397.00,104.70,,
2023/05/21,18,BHL,51.35,294.0,303.9,284.0,294.6,294.60,0.0,0.0,291.76,"10,960.00",289.00,"3,197,667.00",127,5.60,19.90,1.94,7.01,0.96,397.00,104.70,,
2023/05/22,18,BHL,46.38,288.8,294.6,283.2,293.0,293.00,0.0,0.0,288.39,"1,660.00",294.60,"478,725.00",78,-1.60,11.40,-0.54,4.03,1.57,397.00,104.70,,
2023/05/23,18,BHL,53.13,298.7,302.0,287.2,297.0,297.00,0.0,0.0,297.26,"3,793.00",293.00,"1,127,493.00",93,4.00,14.80,1.37,5.15,-0.09,397.00,104.70,,
2023/05/24,18,BHL,51.45,293.1,301.0,278.0,298.9,298.90,0.0,0.0,292.59,"2,160.00",297.00,"632,003.00",63,1.90,23.00,0.64,8.27,2.11,397.00,104.70,,
2023/05/28,18,BHL,51.86,304.8,304.8,289.0,293.9,293.90,0.0,0.0,291.27,"5,695.00",298.90,"1,658,784.30",112,-5.00,15.80,-1.67,5.47,0.89,397.00,115.30,,
2023/05/30,18,BHL,38.91,290.0,299.7,273.0,280.0,280.00,0.0,0.0,278.93,"2,970.00",293.90,"828,431.00",66,-13.9,26.70,-4.73,9.78,0.38,397.00,115.30,,
2023/05/31,17,BHL,38.85,280.0,285.6,261.0,263.0,263.00,0.0,0.0,267.62,"7,026.00",280.00,"1,880,326.00",88,-17.00,24.60,-6.07,9.43,-1.76,397.00,124.40,,
2023/06/01,18,BHL,35.13,261.0,281.0,260.0,270.3,270.30,0.0,0.0,265.65,"2,651.00",263.00,"704,229.00",78,7.3,21.00,2.78,8.08,1.72,397.00,124.40,,
2023/06/04,17,BHL,43.0,275.5,285.0,275.5,280.0,280.00,0.0,0.0,280.67,"7,132.00",270.30,"2,001,761.00",99,9.70,9.5,3.59,3.45,-0.24,397.00,171.90,,
2023/06/05,18,BHL,52.84,285.0,285.0,270.0,279.0,279.00,0.0,0.0,274.15,"8,243.00",280.00,"2,259,854.70",89,-1.0,15.00,-0.36,5.56,1.74,397.00,171.90,,
2023/06/06,17,BHL,54.55,284.5,290.0,269.6,290.0,290.00,0.0,0.0,283.21,"5,955.00",279.00,"1,686,536.00",111,11.0,20.40,3.94,7.57,2.34,397.00,171.90,,
2023/06/07,17,BHL,52.31,294.9,294.9,281.0,292.7,292.70,0.0,0.0,287.63,"5,190.00",290.00,"1,492,785.00",108,2.7,13.9,0.93,4.95,1.73,397.00,189.10,,
2023/06/08,18,BHL,53.25,298.0,298.0,280.9,288.0,288.00,0.0,0.0,282.77,"5,485.00",292.70,"1,551,013.50",79,-4.7,17.1,-1.61,6.09,1.81,397.00,201.20,,
2023/04/20,17,BHL,36.43,320.0,320.0,306.1,313.0,313.00,0.0,0.0,308.42,630.00,314.90,"194,303.00",62,-1.9,13.90,-0.6,4.54,1.46,397.00,104.70,,
2023/04/23,17,BHL,43.53,306.8,332.0,300.1,324.0,324.00,0.0,0.0,307.33,"2,599.00",313.00,"798,742.00",141,11.0,31.9,3.51,10.63,5.15,397.00,104.70,,
2023/04/24,17,BHL,36.09,324.0,324.0,324.0,324.0,324.00,0.0,0.0,324.00,10.00,324.00,"3,240.00",1,0.0,0.0,0.0,0.0,0.0,397.00,104.70,,
2023/04/25,17,BHL,41.9,318.3,318.3,301.6,315.0,315.00,0.0,0.0,309.65,"3,805.00",324.00,"1,178,226.50",137,-9.0,16.7,-2.78,5.54,1.7,397.00,104.70,,
2023/04/26,17,BHL,38.61,308.7,310.0,300.0,308.8,308.80,0.0,0.0,304.05,"2,875.00",315.00,"874,155.00",111,-6.2,10.0,-1.97,3.33,1.54,397.00,104.70,,
2023/04/27,18,BHL,27.32,303.4,314.0,300.1,303.0,303.00,0.0,0.0,304.30,"3,365.00",308.80,"1,023,953.00",88,-5.80,13.9,-1.88,4.63,-0.43,397.00,104.70,,
2023/04/30,18,BHL,27.51,297.1,300.0,293.0,295.0,295.00,0.0,0.0,296.50,"4,073.00",303.00,"1,207,654.30",87,-8.0,7.0,-2.64,2.39,-0.51,397.00,104.70,,
2023/05/02,18,BHL,28.92,300.9,305.0,289.0,304.0,304.00,0.0,0.0,291.01,"2,010.00",295.00,"584,932.00",96,9.0,16.0,3.05,5.54,4.27,397.00,104.70,,
2023/05/03,18,BHL,27.03,310.0,310.0,287.0,298.9,298.90,0.0,0.0,296.12,"1,490.00",304.00,"441,224.00",58,-5.1,23.0,-1.68,8.01,0.93,397.00,104.70,,
2023/05/04,19,BHL,31.12,293.0,295.8,287.2,295.7,295.70,0.0,0.0,291.54,"1,200.00",298.90,"349,851.00",68,-3.2,8.6,-1.07,2.99,1.41,397.00,104.70,,
2023/05/07,18,BHL,43.77,289.8,307.5,284.8,306.0,306.00,0.0,0.0,286.75,"5,000.00",295.70,"1,433,767.50",123,10.3,22.7,3.48,7.97,6.29,397.00,104.70,,
2023/05/08,18,BHL,32.47,299.9,299.9,283.0,288.9,288.90,0.0,0.0,289.15,"6,210.00",306.00,"1,795,602.00",93,-17.1,16.90,-5.59,5.97,-0.09,397.00,104.70,,
2023/05/09,18,BHL,28.94,284.0,299.9,278.4,294.0,294.00,0.0,0.0,288.50,"1,110.00",288.90,"320,232.00",53,5.1,21.5,1.77,7.72,1.87,397.00,104.70,,
2023/05/10,17,BHL,40.3,288.2,299.5,281.0,299.0,299.00,0.0,0.0,287.27,"2,163.00",294.00,"621,368.50",64,5.0,18.5,1.7,6.58,3.92,397.00,104.70,,
2023/05/11,18,BHL,31.05,293.1,293.1,280.0,286.0,286.00,0.0,0.0,285.87,"2,700.00",299.00,"771,843.00",58,-13.0,13.1,-4.35,4.68,0.05,397.00,104.70,,
2023/05/14,18,BHL,33.45,280.7,286.3,271.0,277.9,277.90,0.0,0.0,278.47,"3,160.00",286.00,"879,961.00",63,-8.1,15.3,-2.83,5.65,-0.2,397.00,104.70,,
2023/06/11,18,BHL,62.8,282.3,310.0,276.7,310.0,310.00,0.0,0.0,297.63,"17,351.00",288.00,"5,164,096.10",245,22.00,33.30,7.64,12.03,3.99,397.00,201.20,,
2023/07/05,17,BHL,50.63,278.0,285.0,264.6,283.0,283.00,0.0,0.0,267.73,"8,760.00",282.80,"2,345,350.00",125,0.2,20.40,0.07,7.71,5.39,397.00,216.10,,
2023/07/30,17,BHL,41.66,259.8,259.8,246.8,246.8,246.80,0.0,0.0,249.43,"4,160.00",254.80,"1,037,646.00",83,-8.0,13.00,-3.14,5.27,-1.07,397.00,225.40,,
2023/08/22,18,BHL,44.8,211.0,214.0,203.8,210.2,210.20,0.0,0.0,206.06,"6,082.00",215.00,"1,253,228.20",105,-4.8,10.2,-2.23,5.0,1.97,394.70,203.80,,
2023/09/19,17,BHL,56.92,202.0,224.4,202.0,224.0,224.00,0.0,0.0,215.79,"10,903.00",204.00,"2,352,803.50",195,20.0,22.4,9.8,11.09,3.66,394.70,192.70,,
2023/10/17,18,BHL,23.99,203.0,214.0,203.0,210.0,210.00,0.0,0.0,208.90,"4,460.00",207.00,"931,707.50",87,3.0,11.0,1.45,5.42,0.52,394.70,192.70,,
2023/11/26,18,BHL,56.4,201.0,217.0,200.2,212.0,212.00,0.0,0.0,209.91,"4,281.00",204.00,"898,617.40",133,8.00,16.80,3.92,8.39,0.99,394.70,192.70,,
2023/12/19,20,BHL,59.16,253.1,261.2,252.3,261.0,261.00,0.0,0.0,256.74,"9,694.00",256.10,"2,488,826.90",186,4.9,8.90,1.91,3.53,1.63,394.70,192.70,,
2024/01/17,18,BHL,52.51,304.0,311.7,292.0,294.9,294.90,0.0,0.0,303.54,"43,455.00",310.10,"13,190,300.50",387,-15.2,19.7,-4.9,6.75,-2.93,394.70,192.70,,
2024/02/11,19,BHL,57.09,329.9,329.9,321.1,326.5,326.50,0.0,0.0,324.93,"33,891.00",323.50,"11,012,185.10",325,3.00,8.80,0.93,2.74,0.48,370.00,192.70,,
2024/03/06,20,BHL,48.97,331.2,353.9,331.2,349.0,349.00,0.0,0.0,345.65,"37,307.00",336.00,"12,895,153.40",200,13.0,22.70,3.87,6.85,0.96,394.00,192.70,,
2024/04/02,19,BHL,39.17,345.0,357.0,338.1,340.9,340.90,0.0,0.0,340.88,"17,075.00",345.00,"5,820,544.60",143,-4.1,18.9,-1.19,5.59,0.01,394.00,192.70,,
2024/05/02,18,BHL,45.69,326.1,344.3,320.5,322.0,322.00,0.0,0.0,327.40,"6,707.00",331.00,"2,195,860.30",111,-9.0,23.8,-2.72,7.43,-1.68,394.00,192.70,,
2024/05/29,18,BHL,43.88,331.5,334.9,322.6,328.0,328.00,0.0,0.0,327.42,"5,640.00",325.00,"1,846,647.00",100,3.00,12.30,0.92,3.81,0.18,394.00,192.70,,
2024/06/24,19,BHL,40.58,336.2,348.0,336.2,342.9,342.90,0.0,0.0,341.63,"7,853.00",342.00,"2,682,843.40",129,0.9,11.80,0.26,3.51,0.37,394.00,192.70,,
2023/03/28,18,BHL,50.14,336.0,341.3,325.0,333.8,333.80,0.0,0.0,330.47,"10,137.00",335.00,"3,349,956.70",132,-1.2,16.3,-0.36,5.02,1.0,397.00,104.70,,
2023/03/29,17,BHL,43.1,327.2,333.5,322.1,333.0,333.00,0.0,0.0,330.78,"5,542.00",333.80,"1,833,165.10",88,-0.8,11.4,-0.24,3.54,0.67,397.00,104.70,,
2023/03/30,17,BHL,39.17,326.4,328.9,326.4,327.0,327.00,0.0,0.0,327.20,"4,422.00",333.00,"1,446,899.00",105,-6.0,2.5,-1.8,0.77,-0.06,397.00,104.70,,
2023/04/02,20,BHL,32.77,193.0,195.0,190.0,192.0,192.00,0.0,0.0,192.10,"72,903.00",193.60,"14,005,027.90",394,-1.6,5.0,-0.83,2.63,-0.05,520.00,164.00,224.50,270.98
2023/04/03,17,BHL,29.33,317.1,323.0,317.1,323.0,323.00,0.0,0.0,318.80,"1,870.00",323.00,"596,154.00",76,0.0,5.9,0.0,1.86,1.3,397.00,104.70,,
2023/04/04,18,BHL,27.49,317.0,328.0,317.0,320.1,320.10,0.0,0.0,320.73,"2,539.00",323.00,"814,341.90",95,-2.9,11.0,-0.9,3.47,-0.2,397.00,104.70,,
2023/04/05,17,BHL,30.33,314.0,322.5,314.0,322.4,322.40,0.0,0.0,317.15,"2,370.00",320.10,"751,638.00",88,2.3,8.5,0.72,2.71,1.63,397.00,104.70,,
2023/04/06,18,BHL,30.26,317.0,321.0,316.0,318.0,318.00,0.0,0.0,318.36,"2,393.00",322.40,"761,832.00",76,-4.4,5.0,-1.36,1.58,-0.11,397.00,104.70,,
2023/04/09,18,BHL,39.13,312.0,330.0,296.2,324.0,324.00,0.0,0.0,306.47,"7,110.00",318.00,"2,178,971.50",147,6.0,33.8,1.89,11.41,5.41,397.00,104.70,,
2023/04/10,17,BHL,30.96,317.6,318.0,300.1,307.0,307.00,0.0,0.0,308.09,"4,080.00",324.00,"1,257,006.00",81,-17.0,17.9,-5.25,5.96,-0.35,397.00,104.70,,
2023/04/11,17,BHL,31.99,305.0,314.0,301.0,301.0,301.00,0.0,0.0,308.51,"8,317.00",307.00,"2,565,844.50",131,-6.00,13.00,-1.95,4.32,-2.49,397.00,104.70,,
2023/04/12,18,BHL,53.83,295.0,331.0,295.0,330.1,330.10,0.0,0.0,320.73,"8,731.00",301.00,"2,800,269.10",167,29.10,36.00,9.67,12.2,2.84,397.00,104.70,,
2023/04/13,20,BHL,32.77,193.0,195.0,190.0,192.0,192.00,0.0,0.0,192.10,"72,903.00",193.60,"14,005,027.90",394,-1.6,5.0,-0.83,2.63,-0.05,520.00,164.00,224.50,270.98
2023/04/16,17,BHL,42.87,316.0,318.9,311.0,313.4,313.40,0.0,0.0,313.78,"3,270.00",321.00,"1,026,070.00",107,-7.6,7.9,-2.37,2.54,-0.12,397.00,104.70,,
2023/04/17,16,BHL,41.83,310.0,314.0,306.0,312.0,312.00,0.0,0.0,308.56,"2,920.00",313.40,"901,003.00",90,-1.4,8.0,-0.45,2.61,1.1,397.00,104.70,,
2023/04/18,18,BHL,27.64,306.0,314.0,302.0,312.0,312.00,0.0,0.0,307.79,"3,700.00",312.00,"1,138,841.00",115,0.0,12.0,0.0,3.97,1.35,397.00,104.70,,
2023/02/28,18,BHL,40.93,348.9,359.9,348.9,354.3,354.30,0.0,0.0,354.45,"8,189.00",356.00,"2,902,589.60",147,-1.7,11.0,-0.48,3.15,-0.04,397.00,104.70,,
2023/03/01,17,BHL,41.92,361.0,361.0,343.3,350.9,350.90,0.0,0.0,349.57,"4,240.00",354.30,"1,482,166.00",103,-3.40,17.70,-0.96,5.16,0.38,397.00,104.70,,
2023/03/02,18,BHL,24.21,344.0,348.0,333.0,342.7,342.70,0.0,0.0,337.61,"7,078.00",350.90,"2,389,609.00",109,-8.2,15.0,-2.34,4.5,1.49,397.00,104.70,,
2023/03/05,18,BHL,25.0,342.8,345.0,330.4,334.0,334.00,0.0,0.0,334.28,"5,511.00",342.70,"1,842,235.90",107,-8.7,14.6,-2.54,4.42,-0.08,397.00,104.70,,
2023/03/07,17,BHL,23.21,328.1,340.0,328.1,335.0,335.00,0.0,0.0,336.15,"3,047.00",334.00,"1,024,247.00",80,1.0,11.9,0.3,3.63,-0.34,397.00,104.70,,
2023/03/09,17,BHL,27.6,338.0,347.0,332.0,341.0,341.00,0.0,0.0,340.68,"5,918.00",335.00,"2,016,149.00",169,6.0,15.0,1.79,4.52,0.09,397.00,104.70,,
2023/03/12,18,BHL,37.7,342.0,354.3,332.4,341.9,341.90,0.0,0.0,342.16,"10,421.00",341.00,"3,565,696.00",145,0.9,21.9,0.26,6.59,-0.08,397.00,104.70,,
2023/03/13,17,BHL,32.61,335.3,340.0,330.0,333.0,333.00,0.0,0.0,332.07,"4,160.00",341.90,"1,381,418.00",93,-8.9,10.0,-2.6,3.03,0.28,397.00,104.70,,
2023/03/14,18,BHL,38.5,339.5,339.5,328.4,335.0,335.00,0.0,0.0,330.53,"6,400.00",333.00,"2,115,388.20",132,2.0,11.1,0.6,3.38,1.33,397.00,104.70,,
2023/03/15,20,BHL,32.77,193.0,195.0,190.0,192.0,192.00,0.0,0.0,192.10,"72,903.00",193.60,"14,005,027.90",394,-1.6,5.0,-0.83,2.63,-0.05,520.00,164.00,224.50,270.98
2023/03/16,16,BHL,34.43,328.1,335.9,328.1,335.0,335.00,0.0,0.0,334.05,"2,165.00",333.90,"723,228.50",87,1.1,7.8,0.33,2.38,0.28,397.00,104.70,,
2023/03/19,17,BHL,41.98,329.0,341.7,329.0,335.0,335.00,0.0,0.0,335.13,"5,751.00",335.00,"1,927,316.10",113,0.0,12.7,0.0,3.86,-0.04,397.00,104.70,,
2023/03/20,16,BHL,35.25,329.3,336.0,329.3,332.9,332.90,0.0,0.0,333.50,"2,910.00",335.00,"970,487.00",108,-2.1,6.7,-0.63,2.03,-0.18,397.00,104.70,,
2023/03/22,16,BHL,36.33,336.0,340.7,327.5,330.0,330.00,0.0,0.0,333.31,"7,548.00",332.90,"2,515,816.00",183,-2.9,13.2,-0.87,4.03,-1.0,397.00,104.70,,
2023/03/23,18,BHL,34.67,324.0,329.8,320.0,329.8,329.80,0.0,0.0,325.43,"10,940.00",330.00,"3,560,250.00",124,-0.2,9.8,-0.06,3.06,1.32,397.00,104.70,,
2023/03/26,18,BHL,25.23,324.0,330.0,323.7,325.0,325.00,0.0,0.0,326.49,"6,011.00",329.80,"1,962,544.50",139,-4.8,6.3,-1.46,1.95,-0.46,397.00,104.70,,
2023/02/01,17,BHL,44.24,352.0,362.0,346.1,360.0,360.00,0.0,0.0,356.08,"13,400.00",352.10,"4,771,481.00",272,7.9,15.9,2.24,4.59,1.09,397.00,104.70,,
2023/02/02,18,BHL,42.94,353.0,367.2,346.1,350.0,350.00,0.0,0.0,352.38,"19,747.00",360.00,"6,958,383.00",231,-10.0,21.1,-2.78,6.1,-0.68,397.00,104.70,,
2023/02/03,20,BHL,32.77,193.0,195.0,190.0,192.0,192.00,0.0,0.0,192.10,"72,903.00",193.60,"14,005,027.90",394,-1.6,5.0,-0.83,2.63,-0.05,520.00,164.00,224.50,270.98
2023/02/05,17,BHL,42.99,345.2,361.0,345.2,348.3,348.30,0.0,0.0,353.42,"14,498.00",350.00,"5,123,857.50",283,-1.7,15.8,-0.49,4.58,-1.47,397.00,104.70,,
2023/02/06,18,BHL,36.75,355.2,355.2,343.0,349.0,349.00,0.0,0.0,346.58,"4,647.00",348.30,"1,610,566.40",185,0.7,12.2,0.2,3.56,0.69,397.00,104.70,,
2023/02/07,17,BHL,44.18,345.2,370.0,345.2,370.0,370.00,0.0,0.0,362.57,"16,628.00",349.00,"6,028,796.70",348,21.0,24.8,6.02,7.18,2.01,397.00,104.70,,
2023/02/08,17,BHL,53.7,375.0,394.7,367.0,372.9,372.90,0.0,0.0,376.81,"27,447.00",370.00,"10,342,259.70",278,2.9,27.7,0.78,7.55,-1.05,397.00,104.70,,
2023/02/09,17,BHL,49.33,366.5,385.0,359.0,372.6,372.60,0.0,0.0,365.61,"20,080.00",372.90,"7,341,517.00",195,-0.3,26.0,-0.08,7.24,1.88,397.00,104.70,,
2023/02/12,17,BHL,42.88,370.0,370.0,352.8,352.8,352.80,0.0,0.0,357.94,"18,708.00",372.60,"6,696,306.50",209,-19.8,17.2,-5.31,4.88,-1.46,397.00,104.70,,
2023/02/14,17,BHL,32.78,346.2,358.0,346.2,353.0,353.00,0.0,0.0,353.14,"6,278.00",352.80,"2,217,021.00",157,0.20,11.8,0.06,3.41,-0.04,397.00,104.70,,
2023/02/15,17,BHL,35.55,346.0,359.9,346.0,347.0,347.00,0.0,0.0,349.25,"8,209.00",353.00,"2,866,959.30",126,-6.00,13.90,-1.7,4.02,-0.65,397.00,104.70,,
2023/02/16,18,BHL,35.63,347.0,351.0,336.2,344.0,344.00,0.0,0.0,342.83,"9,400.00",347.00,"3,222,555.20",169,-3.00,14.80,-0.86,4.4,0.34,397.00,104.70,,
2023/02/20,18,BHL,33.12,337.2,340.0,330.6,332.0,332.00,0.0,0.0,334.56,"11,861.00",344.00,"3,968,238.00",216,-12.0,9.4,-3.49,2.84,-0.77,397.00,104.70,,
2023/02/22,18,BHL,39.93,330.0,355.0,330.0,352.5,352.50,0.0,0.0,346.61,"16,014.00",332.00,"5,550,550.50",280,20.5,25.0,6.17,7.58,1.67,397.00,104.70,,
2023/02/23,17,BHL,34.4,345.5,347.8,335.1,347.8,347.80,0.0,0.0,340.73,"9,294.00",352.50,"3,166,767.50",144,-4.7,12.7,-1.33,3.79,2.03,397.00,104.70,,
2023/02/26,17,BHL,40.46,340.9,357.0,335.1,351.0,351.00,0.0,0.0,343.23,"18,983.00",347.80,"6,515,582.60",202,3.2,21.9,0.92,6.54,2.21,397.00,104.70,,
2023/01/03,18,BHL,61.32,262.0,282.8,262.0,271.9,271.90,0.0,0.0,272.41,"18,322.00",267.30,"4,991,187.00",222,4.6,20.8,1.72,7.94,-0.19,397.00,104.70,,
2023/01/04,18,BHL,56.73,274.0,299.0,267.1,298.0,298.00,0.0,0.0,290.65,"34,950.00",271.90,"10,158,230.10",349,26.1,31.9,9.6,11.94,2.47,397.00,104.70,,
2023/01/05,17,BHL,58.64,302.0,308.0,285.6,302.9,302.90,0.0,0.0,297.74,"14,253.00",298.00,"4,243,698.80",213,4.9,22.4,1.64,7.84,1.7,397.00,104.70,,
2023/01/08,18,BHL,61.3,308.0,311.0,287.0,302.9,302.90,0.0,0.0,299.26,"31,897.00",302.90,"9,545,521.60",286,0.00,24.00,0.0,8.36,1.2,397.00,104.70,,
2023/01/09,16,BHL,59.84,300.0,317.2,295.0,314.0,314.00,0.0,0.0,308.51,"23,527.00",302.90,"7,258,393.90",286,11.1,22.2,3.66,7.53,1.75,397.00,104.70,,
2023/01/10,18,BHL,52.5,320.0,327.0,297.2,305.0,305.00,0.0,0.0,314.41,"35,951.00",314.00,"11,303,292.40",350,-9.0,29.8,-2.87,10.03,-3.08,397.00,104.70,,
2023/01/12,18,BHL,49.78,310.0,316.0,282.3,282.3,282.30,0.0,0.0,290.69,"26,029.00",305.00,"7,566,289.90",304,-22.7,33.7,-7.44,11.94,-2.97,397.00,104.70,,
2023/01/17,18,BHL,53.88,287.0,310.0,273.0,310.0,310.00,0.0,0.0,299.46,"20,540.00",282.30,"6,150,883.00",346,27.7,37.0,9.81,13.55,3.4,397.00,104.70,,
2023/01/18,16,BHL,55.39,315.0,333.0,311.0,319.8,319.80,0.0,0.0,319.68,"32,901.00",310.00,"10,517,807.60",367,9.8,22.0,3.16,7.07,0.04,397.00,104.70,,
2023/01/19,17,BHL,58.26,315.5,339.0,308.3,332.8,332.80,0.0,0.0,329.03,"34,024.00",319.80,"11,194,847.00",437,13.0,30.7,4.07,9.96,1.13,397.00,104.70,,
2023/01/23,18,BHL,55.77,332.8,338.0,312.8,314.0,314.00,0.0,0.0,322.01,"16,873.00",332.80,"5,433,191.70",328,-18.8,25.2,-5.65,8.06,-2.55,397.00,104.70,,
2023/01/24,17,BHL,52.45,315.0,329.4,309.0,328.5,328.50,0.0,0.0,321.03,"19,606.00",314.00,"6,294,146.30",369,14.5,20.4,4.62,6.6,2.27,397.00,104.70,,
2023/01/25,17,BHL,60.44,322.1,361.3,322.1,361.3,361.30,0.0,0.0,355.55,"66,151.00",328.50,"23,520,306.90",671,32.8,39.2,9.98,12.17,1.59,397.00,104.70,,
2023/01/26,17,BHL,53.43,368.5,372.0,355.1,368.0,368.00,0.0,0.0,368.01,"18,758.00",361.30,"6,903,074.00",319,6.7,16.9,1.85,4.76,0.0,397.00,104.70,,
2023/01/29,18,BHL,55.17,360.7,367.9,346.6,357.1,357.10,0.0,0.0,357.44,"25,831.00",368.00,"9,232,906.00",319,-10.9,21.3,-2.96,6.15,-0.09,397.00,104.70,,
2023/01/30,18,BHL,48.62,357.2,364.0,339.0,340.0,340.00,0.0,0.0,347.56,"18,635.00",357.10,"6,476,862.90",286,-17.1,25.0,-4.79,7.37,-2.22,397.00,104.70,,
2022/12/07,16,BHL,28.87,245.0,251.0,242.3,247.0,247.00,0.0,0.0,245.76,"2,618.00",249.90,"643,404.80",83,-2.9,8.7,-1.16,3.59,0.5,397.00,104.70,,
2022/12/11,16,BHL,32.54,242.2,255.0,242.1,249.0,249.00,0.0,0.0,245.64,"5,210.00",247.00,"1,279,776.60",115,2.0,12.9,0.81,5.33,1.35,397.00,104.70,,
2022/12/12,17,BHL,52.06,249.0,253.0,242.0,248.0,248.00,0.0,0.0,245.27,"8,010.00",249.00,"1,964,606.00",91,-1.0,11.0,-0.4,4.55,1.1,397.00,104.70,,
2022/12/13,17,BHL,26.83,243.2,246.8,243.2,246.8,246.80,0.0,0.0,244.16,"1,180.00",248.00,"288,103.00",60,-1.2,3.6,-0.48,1.48,1.07,397.00,104.70,,
2022/12/14,16,BHL,37.17,241.9,260.0,241.9,249.6,249.60,0.0,0.0,249.62,"5,119.00",246.80,"1,277,820.00",92,2.8,18.1,1.13,7.48,-0.01,397.00,104.70,,
2022/12/15,17,BHL,29.11,245.0,247.0,240.0,240.3,240.30,0.0,0.0,243.54,"4,937.00",249.60,"1,202,367.50",108,-9.3,7.0,-3.73,2.92,-1.35,397.00,104.70,,
2022/12/18,16,BHL,30.79,236.1,249.0,228.0,244.9,244.90,0.0,0.0,240.31,"6,993.00",240.30,"1,680,513.00",136,4.6,21.0,1.91,9.21,1.87,397.00,104.70,,
2022/12/19,17,BHL,33.06,240.1,249.7,230.6,247.0,247.00,0.0,0.0,238.07,"4,141.00",244.90,"985,849.30",108,2.1,19.1,0.86,8.28,3.62,397.00,104.70,,
2022/12/20,16,BHL,25.83,245.0,249.0,231.0,244.9,244.90,0.0,0.0,242.06,"1,150.00",247.00,"278,365.00",61,-2.1,18.0,-0.85,7.79,1.16,397.00,104.70,,
2022/12/21,18,BHL,48.46,249.7,249.7,232.1,246.0,246.00,0.0,0.0,235.55,"7,414.00",244.90,"1,746,398.00",92,1.1,17.6,0.45,7.58,4.25,397.00,104.70,,
2022/12/22,18,BHL,29.25,241.1,241.1,231.6,232.5,232.50,0.0,0.0,233.21,"5,891.00",246.00,"1,373,839.60",77,-13.5,9.5,-5.49,4.1,-0.31,397.00,104.70,,
2022/12/26,16,BHL,44.25,231.1,251.5,231.1,250.0,250.00,0.0,0.0,242.36,"3,105.00",232.50,"752,540.50",117,17.5,20.4,7.53,8.83,3.05,397.00,104.70,,
2022/12/27,17,BHL,55.43,255.0,262.9,242.0,256.0,256.00,0.0,0.0,253.63,"22,551.00",250.00,"5,719,502.30",247,6.0,20.90,2.4,8.64,0.93,397.00,104.70,,
2022/12/28,20,BHL,32.77,193.0,195.0,190.0,192.0,192.00,0.0,0.0,192.10,"72,903.00",193.60,"14,005,027.90",394,-1.6,5.0,-0.83,2.63,-0.05,520.00,164.00,224.50,270.98
2022/12/29,18,BHL,54.35,260.0,275.0,251.0,272.8,272.80,0.0,0.0,262.29,"11,938.00",256.00,"3,131,224.80",172,16.8,24.0,6.56,9.56,3.85,397.00,104.70,,
2023/01/01,18,BHL,54.55,272.0,280.5,260.0,265.2,265.20,0.0,0.0,270.51,"13,556.00",272.80,"3,667,068.20",181,-7.6,20.50,-2.79,7.88,-2.0,397.00,104.70,,
2022/11/13,14,BHL,32.75,239.3,241.0,235.0,237.0,237.00,0.0,0.0,239.09,"2,810.00",244.00,"671,855.00",74,-7.0,6.0,-2.87,2.55,-0.88,397.00,104.70,,
2022/11/14,14,BHL,32.05,241.0,245.0,233.1,241.0,241.00,0.0,0.0,237.22,"1,890.00",237.00,"448,352.00",88,4.0,11.9,1.69,5.11,1.57,397.00,104.70,,
2022/11/15,14,BHL,33.81,236.5,255.0,232.4,244.0,244.00,0.0,0.0,236.61,"3,244.00",241.00,"767,577.00",87,3.0,22.6,1.24,9.72,3.03,397.00,104.70,,
2022/11/16,14,BHL,39.28,248.8,250.0,236.3,239.2,239.20,0.0,0.0,243.56,"4,460.00",244.00,"1,086,289.00",72,-4.8,13.7,-1.97,5.8,-1.82,397.00,104.70,,
2022/11/17,14,BHL,48.62,243.9,253.6,239.1,250.0,250.00,0.0,0.0,248.88,"6,300.00",239.20,"1,567,950.70",113,10.8,14.50,4.52,6.06,0.45,397.00,104.70,,
2022/11/19,20,BHL,32.77,193.0,195.0,190.0,192.0,192.00,0.0,0.0,192.10,"72,903.00",193.60,"14,005,027.90",394,-1.6,5.0,-0.83,2.63,-0.05,520.00,164.00,224.50,270.98
2022/11/22,14,BHL,47.07,255.0,260.0,242.0,250.0,250.00,0.0,0.0,246.60,"3,567.00",250.00,"879,625.20",86,0.00,18.0,0.0,7.44,1.36,397.00,104.70,,
2022/11/23,14,BHL,36.65,245.0,245.0,241.0,242.1,242.10,0.0,0.0,242.21,"1,085.00",250.00,"262,800.00",56,-7.9,4.0,-3.16,1.66,-0.05,397.00,104.70,,
2022/11/24,14,BHL,47.58,240.0,254.0,240.0,251.0,251.00,0.0,0.0,246.39,"4,113.00",242.10,"1,013,393.30",100,8.9,14.0,3.68,5.83,1.84,397.00,104.70,,
2022/11/27,14,BHL,41.32,251.0,254.9,247.0,253.0,253.00,0.0,0.0,250.63,"3,419.00",251.00,"856,896.40",130,2.0,7.9,0.8,3.2,0.94,397.00,104.70,,
2022/11/28,14,BHL,34.85,258.0,263.1,245.4,246.0,246.00,0.0,0.0,249.15,"2,796.00",253.00,"696,624.90",78,-7.0,17.7,-2.77,7.21,-1.28,397.00,104.70,,
2022/11/29,14,BHL,46.51,243.0,254.5,243.0,254.5,254.50,0.0,0.0,245.20,"1,886.00",246.00,"462,445.10",93,8.5,11.5,3.46,4.73,3.65,397.00,104.70,,
2022/11/30,13,BHL,32.87,249.5,252.0,239.8,252.0,252.00,0.0,0.0,249.06,"1,515.00",254.50,"377,324.00",64,-2.5,12.2,-0.98,5.09,1.17,397.00,104.70,,
2022/12/01,16,BHL,30.47,247.0,251.0,245.0,251.0,251.00,0.0,0.0,248.78,"2,291.00",252.00,"569,954.60",65,-1.0,6.0,-0.4,2.45,0.88,397.00,104.70,,
2022/12/04,15,BHL,51.87,251.0,270.5,239.2,253.9,253.90,0.0,0.0,248.30,"10,881.00",251.00,"2,701,784.90",156,2.9,31.3,1.16,13.09,2.2,397.00,104.70,,
2022/12/05,15,BHL,39.23,255.0,260.1,245.0,245.1,245.10,0.0,0.0,252.63,"16,723.00",253.90,"4,224,723.40",171,-8.8,15.1,-3.47,6.16,-3.07,397.00,104.70,,
2022/10/11,15,BHL,40.06,256.9,267.0,247.1,261.0,261.00,0.0,0.0,253.43,"2,150.00",262.10,"544,866.00",52,-1.1,19.9,-0.42,8.05,2.9,397.00,104.70,,
2022/10/12,15,BHL,38.25,255.8,265.0,250.0,259.5,259.50,0.0,0.0,256.94,"1,037.00",261.00,"266,450.00",42,-1.5,15.0,-0.57,6.0,0.99,397.00,104.70,,
2022/10/13,14,BHL,37.24,263.0,263.0,247.7,255.0,255.00,0.0,0.0,253.66,"2,550.00",259.50,"646,832.00",50,-4.5,15.3,-1.73,6.18,0.53,397.00,104.70,,
2022/10/16,14,BHL,32.73,250.0,262.1,245.5,255.0,255.00,0.0,0.0,251.46,"1,070.00",255.00,"269,064.00",69,0.00,16.6,0.0,6.76,1.39,397.00,104.70,,
2022/10/17,14,BHL,35.58,249.9,249.9,241.1,242.0,242.00,0.0,0.0,242.97,"11,603.00",255.00,"2,819,181.60",82,-13.0,8.8,-5.1,3.65,-0.4,397.00,104.70,,
2022/10/19,13,BHL,30.72,246.0,255.9,232.0,237.9,237.90,0.0,0.0,235.82,"3,956.00",242.00,"932,912.50",98,-4.1,23.9,-1.69,10.3,0.87,397.00,104.70,,
2022/10/20,14,BHL,28.27,233.2,246.8,228.6,230.4,230.40,0.0,0.0,231.92,"1,235.00",237.90,"286,421.00",76,-7.5,18.2,-3.15,7.96,-0.66,397.00,104.70,,
2022/10/23,13,BHL,33.34,225.9,243.0,225.9,236.6,236.60,0.0,0.0,233.09,"3,110.00",230.40,"724,898.00",68,6.2,17.1,2.69,7.57,1.49,397.00,104.70,,
2022/10/31,14,BHL,35.68,231.9,240.0,227.4,230.0,230.00,0.0,0.0,229.67,"2,763.00",236.60,"634,574.00",62,-6.6,12.6,-2.79,5.54,0.14,397.00,104.70,,
2022/11/01,14,BHL,43.38,225.4,243.7,225.4,240.0,240.00,0.0,0.0,238.94,"3,859.00",230.00,"922,083.90",89,10.0,18.3,4.35,8.12,0.44,397.00,104.70,,
2022/11/02,14,BHL,50.14,235.4,250.0,235.4,244.0,244.00,0.0,0.0,241.39,"4,351.00",240.00,"1,050,280.00",67,4.0,14.6,1.67,6.2,1.07,397.00,104.70,,
2022/11/03,14,BHL,43.57,244.0,252.0,233.6,236.0,236.00,0.0,0.0,237.87,"3,544.00",244.00,"843,028.00",82,-8.00,18.40,-3.28,7.88,-0.79,397.00,104.70,,
2022/11/06,14,BHL,48.1,231.3,244.0,231.3,239.0,239.00,0.0,0.0,238.16,"3,670.00",236.00,"874,058.00",129,3.0,12.7,1.27,5.49,0.35,397.00,104.70,,
2022/11/07,14,BHL,54.24,234.4,255.0,234.4,244.4,244.40,0.0,0.0,244.17,"12,437.00",239.00,"3,036,776.70",146,5.4,20.6,2.26,8.79,0.09,397.00,104.70,,
2022/11/08,14,BHL,54.3,240.0,259.8,236.9,253.0,253.00,0.0,0.0,253.61,"8,425.00",244.40,"2,136,677.00",170,8.6,22.9,3.52,9.67,-0.24,397.00,104.70,,
2022/11/09,14,BHL,50.66,258.0,258.0,241.0,254.0,254.00,0.0,0.0,246.02,"4,003.00",253.00,"984,827.00",95,1.0,17.0,0.4,7.05,3.14,397.00,104.70,,
2022/09/08,13,BHL,26.31,305.0,311.0,290.1,304.0,304.00,0.0,0.0,301.60,"5,024.00",301.00,"1,515,249.00",151,3.0,20.9,1.0,7.2,0.79,397.00,104.70,,
2022/09/11,14,BHL,20.95,298.0,304.0,293.0,297.9,297.90,0.0,0.0,295.82,"3,405.00",304.00,"1,007,260.50",125,-6.1,11.0,-2.01,3.75,0.7,397.00,104.70,,
2022/09/12,14,BHL,24.26,293.0,297.0,288.0,290.9,290.90,0.0,0.0,292.53,"4,585.00",297.90,"1,341,252.30",152,-7.0,9.0,-2.35,3.13,-0.56,397.00,104.70,,
2022/09/13,14,BHL,32.37,296.0,307.9,285.2,293.9,293.90,0.0,0.0,293.81,"7,287.00",290.90,"2,140,960.00",136,3.0,22.7,1.03,7.96,0.03,397.00,104.70,,
2022/09/14,13,BHL,39.93,290.0,310.0,288.1,310.0,310.00,0.0,0.0,303.00,"12,331.00",293.90,"3,736,331.90",223,16.1,21.9,5.48,7.6,2.26,397.00,104.70,,
2022/09/15,13,BHL,36.47,315.0,315.0,290.1,299.8,299.80,0.0,0.0,294.97,"7,917.00",310.00,"2,335,310.90",126,-10.2,24.9,-3.29,8.58,1.61,397.00,104.70,,
2022/09/16,13,BHL,33.66,293.9,293.9,278.6,293.0,293.00,0.0,0.0,284.91,"4,031.00",299.80,"1,148,491.20",70,-6.8,15.3,-2.27,5.49,2.76,397.00,104.70,,
2022/09/18,14,BHL,26.15,289.0,289.0,267.0,270.0,270.00,0.0,0.0,276.38,"8,055.00",293.00,"2,226,236.60",144,-23.0,22.0,-7.85,8.24,-2.36,397.00,104.70,,
2022/09/20,14,BHL,23.09,266.0,280.8,250.9,262.8,262.80,0.0,0.0,258.43,"9,085.00",270.00,"2,347,833.50",116,-7.2,29.9,-2.67,11.92,1.66,397.00,104.70,,
2022/09/21,14,BHL,23.57,268.0,269.9,255.0,266.7,266.70,0.0,0.0,261.96,"3,810.00",262.80,"998,057.00",110,3.9,14.9,1.48,5.84,1.78,397.00,104.70,,
2022/09/22,13,BHL,18.91,270.5,270.5,255.0,260.0,260.00,0.0,0.0,257.33,"2,164.00",266.70,"556,852.00",77,-6.7,15.50,-2.51,6.08,1.03,397.00,104.70,,
2022/09/25,15,BHL,23.55,255.0,259.0,243.0,250.0,250.00,0.0,0.0,245.29,"4,463.00",260.00,"1,094,732.00",110,-10.0,16.0,-3.85,6.58,1.88,397.00,104.70,,
2022/09/27,14,BHL,24.1,250.0,270.0,250.0,250.3,250.30,0.0,0.0,253.09,"1,330.00",250.00,"336,615.00",71,0.3,20.0,0.12,8.0,-1.12,397.00,104.70,,
2022/09/28,14,BHL,25.23,250.3,255.0,245.3,254.7,254.70,0.0,0.0,251.07,"1,815.00",250.30,"455,698.50",58,4.4,9.7,1.76,3.95,1.42,397.00,104.70,,
2022/09/29,14,BHL,32.35,259.0,264.0,248.1,251.0,251.00,0.0,0.0,249.86,"2,590.00",254.70,"647,132.00",37,-3.7,15.9,-1.45,6.41,0.46,397.00,104.70,,
2022/10/09,20,BHL,32.77,193.0,195.0,190.0,192.0,192.00,0.0,0.0,192.10,"72,903.00",193.60,"14,005,027.90",394,-1.6,5.0,-0.83,2.63,-0.05,520.00,164.00,224.50,270.98
2022/08/18,13,BHL,41.53,334.6,364.0,327.2,362.0,362.00,0.0,0.0,349.25,"35,571.00",334.00,"12,423,302.70",516,28.0,36.8,8.38,11.25,3.52,397.00,104.70,,
2022/08/21,20,BHL,32.77,193.0,195.0,190.0,192.0,192.00,0.0,0.0,192.10,"72,903.00",193.60,"14,005,027.90",394,-1.6,5.0,-0.83,2.63,-0.05,520.00,164.00,224.50,270.98
2022/08/22,13,BHL,38.5,348.9,348.9,337.2,344.0,344.00,0.0,0.0,341.68,"9,742.00",349.00,"3,328,614.80",292,-5.0,11.7,-1.43,3.47,0.68,397.00,104.70,,
2022/08/23,13,BHL,31.55,338.3,344.0,335.0,341.9,341.90,0.0,0.0,339.16,"7,390.00",344.00,"2,506,399.60",270,-2.1,9.0,-0.61,2.69,0.8,397.00,104.70,,
2022/08/24,13,BHL,25.16,337.0,348.7,335.1,344.0,344.00,0.0,0.0,341.74,"6,490.00",341.90,"2,217,895.00",307,2.1,13.6,0.61,4.06,0.66,397.00,104.70,,
2022/08/25,13,BHL,27.56,350.0,350.0,328.0,338.0,338.00,0.0,0.0,335.22,"10,985.00",344.00,"3,682,411.00",286,-6.0,22.0,-1.74,6.71,0.82,397.00,104.70,,
2022/08/26,13,BHL,28.72,332.0,335.0,320.0,334.0,334.00,0.0,0.0,326.78,"13,639.00",338.00,"4,456,973.60",182,-4.0,15.0,-1.18,4.69,2.16,397.00,104.70,,
2022/08/28,14,BHL,28.53,340.6,347.0,310.0,313.0,313.00,0.0,0.0,315.52,"17,163.00",334.00,"5,415,200.00",254,-21.0,37.0,-6.29,11.94,-0.8,397.00,104.70,,
2022/08/29,13,BHL,23.76,313.0,321.3,307.0,311.5,311.50,0.0,0.0,312.01,"8,717.00",313.00,"2,719,789.00",155,-1.5,14.3,-0.48,4.66,-0.16,397.00,104.70,,
2022/08/30,13,BHL,26.81,309.0,331.0,309.0,317.0,317.00,0.0,0.0,321.93,"5,877.00",311.50,"1,891,958.00",174,5.5,22.0,1.77,7.12,-1.55,397.00,104.70,,
2022/08/31,13,BHL,26.09,310.8,325.0,307.1,307.5,307.50,0.0,0.0,313.39,"10,650.00",317.00,"3,337,552.00",211,-9.5,17.9,-3.0,5.83,-1.91,397.00,104.70,,
2022/09/01,14,BHL,35.92,303.1,321.4,300.1,318.0,318.00,0.0,0.0,306.96,"11,402.00",307.50,"3,499,902.20",226,10.5,21.3,3.41,7.1,3.47,397.00,104.70,,
2022/09/02,13,BHL,27.17,320.0,324.0,306.9,310.0,310.00,0.0,0.0,314.08,"2,217.00",318.00,"696,305.50",66,-8.0,17.1,-2.52,5.57,-1.31,397.00,104.70,,
2022/09/04,13,BHL,34.37,304.0,315.9,299.1,315.0,315.00,0.0,0.0,303.30,"15,360.00",310.00,"4,658,618.70",260,5.0,16.8,1.61,5.62,3.72,397.00,104.70,,
2022/09/05,13,BHL,33.04,308.8,314.0,307.1,313.0,313.00,0.0,0.0,309.62,"2,750.00",315.00,"851,459.00",158,-2.0,6.9,-0.63,2.25,1.08,397.00,104.70,,
2022/09/06,13,BHL,26.32,306.9,310.1,299.1,304.9,304.90,0.0,0.0,303.15,"11,293.00",313.00,"3,423,466.30",168,-8.1,11.0,-2.59,3.68,0.57,397.00,104.70,,
2022/07/28,13,BHL,55.17,313.0,316.4,291.1,300.0,300.00,0.0,0.0,309.58,"33,095.00",312.00,"10,245,612.20",537,-12.0,25.30,-3.85,8.69,-3.19,328.10,104.70,,
2022/07/29,14,BHL,39.17,294.0,307.0,290.1,295.1,295.10,0.0,0.0,296.08,"8,061.00",300.00,"2,386,713.70",223,-4.9,16.90,-1.63,5.83,-0.33,328.10,104.70,,
2022/07/31,13,BHL,42.18,289.2,313.0,289.2,305.0,305.00,0.0,0.0,294.96,"18,976.00",295.10,"5,597,205.00",400,9.9,23.8,3.35,8.23,3.29,328.10,104.70,,
2022/08/01,14,BHL,42.39,311.0,311.0,295.0,299.0,299.00,0.0,0.0,300.76,"20,919.00",305.00,"6,291,685.90",410,-6.0,16.0,-1.97,5.42,-0.59,328.10,104.70,,
2022/08/02,13,BHL,43.36,293.1,300.0,289.1,299.8,299.80,0.0,0.0,294.65,"15,095.00",299.00,"4,447,698.50",293,0.8,10.9,0.27,3.77,1.72,328.10,104.70,,
2022/08/03,13,BHL,51.36,299.8,329.7,299.8,329.7,329.70,0.0,0.0,321.01,"39,216.00",299.80,"12,588,612.20",658,29.9,29.9,9.97,9.97,2.64,329.70,104.70,,
2022/08/04,13,BHL,52.83,336.2,362.6,336.2,362.6,362.60,0.0,0.0,355.73,"49,371.00",329.70,"17,562,647.60",759,32.9,26.4,9.98,7.85,1.9,362.60,104.70,,
2022/08/05,13,BHL,52.11,369.8,397.0,362.6,372.0,372.00,0.0,0.0,383.29,"42,222.00",362.60,"16,183,457.00",690,9.4,34.4,2.59,9.49,-3.04,397.00,104.70,,
2022/08/07,13,BHL,48.4,365.0,380.0,347.0,367.0,367.00,0.0,0.0,362.58,"38,350.00",372.00,"13,904,948.30",699,-5.0,33.0,-1.34,9.51,1.2,397.00,104.70,,
2022/08/08,14,BHL,45.0,360.0,373.0,360.0,361.2,361.20,0.0,0.0,364.29,"31,650.00",367.00,"11,529,769.00",475,-5.80,13.00,-1.58,3.61,-0.86,397.00,104.70,,
2022/08/09,13,BHL,36.43,362.0,368.0,340.0,342.1,342.10,0.0,0.0,347.94,"18,559.00",361.20,"6,457,458.70",389,-19.1,28.0,-5.29,8.24,-1.71,397.00,104.70,,
2022/08/10,13,BHL,32.82,340.0,350.0,330.1,340.0,340.00,0.0,0.0,336.07,"13,782.00",342.10,"4,631,740.20",362,-2.1,19.90,-0.61,6.03,1.16,397.00,104.70,,
2022/08/11,14,BHL,29.0,335.0,346.8,334.0,334.1,334.10,0.0,0.0,336.02,"11,647.00",340.00,"3,913,598.00",264,-5.90,12.80,-1.74,3.83,-0.57,397.00,104.70,,
2022/08/14,13,BHL,24.31,327.5,340.7,323.4,330.0,330.00,0.0,0.0,330.49,"8,260.00",334.10,"2,729,824.60",339,-4.1,17.3,-1.23,5.35,-0.15,397.00,104.70,,
2022/08/15,13,BHL,34.92,323.4,345.4,317.2,345.0,345.00,0.0,0.0,336.99,"10,960.00",330.00,"3,693,437.40",315,15.0,28.2,4.55,8.89,2.32,397.00,104.70,,
2022/08/16,14,BHL,32.7,345.0,351.7,322.1,330.2,330.20,0.0,0.0,337.31,"22,557.00",345.00,"7,608,711.00",262,-14.80,29.60,-4.29,9.19,-2.15,397.00,104.70,,
2022/07/08,13,BHL,28.81,241.0,241.0,233.0,233.0,233.00,0.0,0.0,234.79,"4,562.00",245.00,"1,071,110.60",119,-12.0,8.0,-4.9,3.43,-0.77,328.10,104.70,,
2022/07/11,14,BHL,32.71,228.4,233.0,219.0,219.0,219.00,0.0,0.0,223.15,"7,360.00",233.00,"1,642,411.00",182,-14.0,14.0,-6.01,6.39,-1.9,328.10,104.70,,
2022/07/12,13,BHL,29.7,217.7,231.9,216.1,231.5,231.50,0.0,0.0,222.41,"3,574.00",219.00,"794,889.20",161,12.5,15.8,5.71,7.31,3.93,328.10,104.70,,
2022/07/13,13,BHL,33.06,227.0,246.0,225.0,244.9,244.90,0.0,0.0,233.98,"6,517.00",231.50,"1,524,841.80",240,13.4,21.0,5.79,9.33,4.46,328.10,104.70,,
2022/07/14,13,BHL,47.95,245.0,249.7,234.3,244.7,244.70,0.0,0.0,240.79,"6,125.00",244.90,"1,474,809.80",240,-0.2,15.40,-0.08,6.57,1.6,328.10,104.70,,
2022/07/15,14,BHL,45.76,239.9,241.0,231.0,239.7,239.70,0.0,0.0,234.52,"5,220.00",244.70,"1,224,217.00",127,-5.0,10.0,-2.04,4.33,2.16,328.10,104.70,,
2022/07/17,12,BHL,34.96,235.0,240.7,225.8,236.0,236.00,0.0,0.0,235.01,"3,582.00",239.70,"841,796.40",195,-3.7,14.9,-1.54,6.6,0.42,328.10,104.70,,
2022/07/18,12,BHL,23.82,235.0,241.0,231.0,237.0,237.00,0.0,0.0,234.57,"2,688.00",236.00,"630,535.10",140,1.00,10.0,0.42,4.33,1.02,328.10,104.70,,
2022/07/19,12,BHL,33.15,232.5,248.8,232.5,244.0,244.00,0.0,0.0,243.33,"7,432.00",237.00,"1,808,411.00",268,7.0,16.3,2.95,7.01,0.28,328.10,104.70,,
2022/07/20,12,BHL,43.44,239.3,253.7,236.6,246.0,246.00,0.0,0.0,246.11,"10,071.00",244.00,"2,478,576.10",216,2.0,17.1,0.82,7.23,-0.04,328.10,104.70,,
2022/07/21,12,BHL,37.74,241.1,245.0,236.3,243.0,243.00,0.0,0.0,240.95,"2,985.00",246.00,"719,224.00",117,-3.0,8.7,-1.22,3.68,0.85,328.10,104.70,,
2022/07/22,13,BHL,33.96,238.2,244.0,233.5,239.0,239.00,0.0,0.0,237.71,"2,640.00",243.00,"627,557.00",69,-4.0,10.5,-1.65,4.5,0.54,328.10,104.70,,
2022/07/23,20,BHL,32.77,193.0,195.0,190.0,192.0,192.00,0.0,0.0,192.10,"72,903.00",193.60,"14,005,027.90",394,-1.6,5.0,-0.83,2.63,-0.05,520.00,164.00,224.50,270.98
2022/07/24,12,BHL,45.14,243.0,261.1,231.0,260.0,260.00,0.0,0.0,251.35,"12,895.00",239.00,"3,241,188.00",379,21.0,30.1,8.79,13.03,3.33,328.10,104.70,,
2022/07/25,12,BHL,56.91,260.0,286.0,260.0,286.0,286.00,0.0,0.0,273.16,"36,630.00",260.00,"10,005,997.80",444,26.0,26.0,10.0,10.0,4.49,328.10,104.70,,
2022/07/26,13,BHL,53.75,291.0,306.0,271.1,295.0,295.00,0.0,0.0,292.66,"21,245.00",286.00,"6,217,461.60",508,9.0,34.9,3.15,12.87,0.79,328.10,104.70,,
2022/06/19,15,BHL,27.84,270.0,270.0,243.0,243.3,243.30,0.0,0.0,247.98,"8,433.00",265.00,"2,091,193.00",419,-21.7,27.00,-8.19,11.11,-1.92,328.10,104.70,,
2022/06/20,14,BHL,30.44,243.3,248.1,226.0,229.1,229.10,0.0,0.0,231.44,"11,693.00",243.30,"2,706,232.70",392,-14.2,22.10,-5.84,9.78,-1.02,328.10,104.70,,
2022/06/21,15,BHL,30.27,225.0,245.0,225.0,232.5,232.50,0.0,0.0,233.57,"6,532.00",229.10,"1,525,677.50",237,3.4,20.00,1.48,8.89,-0.46,328.10,104.70,,
2022/06/22,15,BHL,27.32,237.1,237.1,219.5,224.5,224.50,0.0,0.0,224.16,"7,003.00",232.50,"1,569,792.90",189,-8.0,17.6,-3.44,8.02,0.15,328.10,104.70,,
2022/06/23,14,BHL,30.27,228.9,228.9,203.5,209.0,209.00,0.0,0.0,210.76,"12,774.00",224.50,"2,692,192.00",262,-15.5,25.4,-6.9,12.48,-0.84,328.10,104.70,,
2022/06/24,15,BHL,26.71,205.0,224.4,201.2,213.0,213.00,0.0,0.0,210.68,"3,625.00",209.00,"763,717.50",165,4.0,23.2,1.91,11.53,1.09,328.10,104.70,,
2022/06/26,15,BHL,29.71,217.2,234.0,217.2,230.0,230.00,0.0,0.0,225.56,"7,365.00",213.00,"1,661,279.90",235,17.0,16.8,7.98,7.73,1.93,328.10,104.70,,
2022/06/27,14,BHL,34.57,234.6,244.0,224.0,224.0,224.00,0.0,0.0,231.67,"14,086.00",230.00,"3,263,333.90",254,-6.0,20.0,-2.61,8.93,-3.43,328.10,104.70,,
2022/06/28,14,BHL,35.61,220.0,228.0,220.0,225.0,225.00,0.0,0.0,222.94,"6,150.00",224.00,"1,371,064.50",201,1.0,8.0,0.45,3.64,0.92,328.10,104.70,,
2022/06/29,14,BHL,36.01,220.6,232.5,220.6,228.1,228.10,0.0,0.0,228.73,"11,087.00",225.00,"2,535,899.10",197,3.1,11.9,1.38,5.39,-0.27,328.10,104.70,,
2022/06/30,14,BHL,34.68,232.6,241.8,228.4,239.0,239.00,0.0,0.0,236.39,"10,243.00",228.10,"2,421,362.80",220,10.90,13.40,4.78,5.87,1.09,328.10,104.70,,
2022/07/01,14,BHL,44.76,235.0,245.8,225.7,245.0,245.00,0.0,0.0,239.80,"12,622.00",239.00,"3,026,795.10",195,6.0,20.1,2.51,8.91,2.12,328.10,104.70,,
2022/07/03,15,BHL,48.62,249.9,260.1,237.0,256.0,256.00,0.0,0.0,248.91,"12,589.00",245.00,"3,133,508.10",294,11.0,23.1,4.49,9.75,2.77,328.10,104.70,,
2022/07/04,15,BHL,53.47,261.0,268.1,247.1,247.1,247.10,0.0,0.0,259.83,"19,683.00",256.00,"5,114,300.80",387,-8.9,21.00,-3.48,8.5,-5.15,328.10,104.70,,
2022/07/05,15,BHL,43.36,242.2,260.0,237.5,239.0,239.00,0.0,0.0,245.20,"15,683.00",247.10,"3,845,419.10",296,-8.1,22.5,-3.28,9.47,-2.59,328.10,104.70,,
2022/07/06,14,BHL,41.86,243.7,248.1,229.4,246.0,246.00,0.0,0.0,236.71,"6,930.00",239.00,"1,640,367.40",273,7.0,18.7,2.93,8.15,3.78,328.10,104.70,,
2022/05/30,13,BHL,44.03,115.3,124.4,115.3,124.4,124.40,0.0,0.0,120.85,80.00,113.10,"9,668.20",9,11.3,9.1,9.99,7.89,2.85,124.40,104.70,,
2022/05/31,13,BHL,41.91,126.8,126.8,126.8,126.8,126.80,0.0,0.0,126.00,30.00,124.40,"3,780.00",5,2.4,0.0,1.93,0.0,0.63,126.80,104.70,,
2022/06/01,14,BHL,45.5,124.4,139.4,124.4,139.4,139.40,0.0,0.0,132.72,60.00,126.80,"7,963.00",6,12.6,15.0,9.94,12.06,4.79,139.40,104.70,,
2022/06/02,13,BHL,46.86,136.8,153.3,136.8,153.3,153.30,0.0,0.0,146.10,80.00,139.40,"11,688.00",8,13.9,16.5,9.97,12.06,4.7,153.30,104.70,,
2022/06/03,13,BHL,44.09,156.3,168.6,156.3,168.6,168.60,0.0,0.0,161.77,70.00,153.30,"11,323.70",9,15.3,12.3,9.98,7.87,4.05,168.60,104.70,,
2022/06/06,13,BHL,45.93,171.9,185.4,171.9,185.4,185.40,0.0,0.0,182.07,100.00,168.60,"18,207.00",10,16.8,13.5,9.96,7.85,1.8,185.40,104.70,,
2022/06/07,14,BHL,43.39,189.1,203.9,189.1,203.9,203.90,0.0,0.0,200.85,120.00,185.40,"24,102.00",12,18.5,14.8,9.98,7.83,1.5,203.90,104.70,,
2022/06/08,14,BHL,42.68,207.9,224.2,207.9,224.2,224.20,0.0,0.0,220.13,100.00,203.90,"22,012.70",11,20.3,16.30,9.96,7.84,1.82,224.20,104.70,,
2022/06/09,13,BHL,43.02,228.0,246.6,228.0,246.6,246.60,0.0,0.0,243.47,150.00,224.20,"36,520.00",15,22.4,18.6,9.99,8.16,1.27,246.60,104.70,,
2022/06/10,14,BHL,42.7,251.5,271.2,251.5,271.2,271.20,0.0,0.0,269.99,400.00,246.60,"107,996.00",39,24.6,19.7,9.98,7.83,0.45,271.20,104.70,,
2022/06/12,20,BHL,32.77,193.0,195.0,190.0,192.0,192.00,0.0,0.0,192.10,"72,903.00",193.60,"14,005,027.90",394,-1.6,5.0,-0.83,2.63,-0.05,520.00,164.00,224.50,270.98
2022/06/13,15,BHL,42.47,276.6,298.3,276.6,298.3,298.30,0.0,0.0,298.05,"2,160.00",271.20,"643,794.00",216,27.1,21.7,9.99,7.85,0.08,298.30,104.70,,
2022/06/14,14,BHL,37.73,304.2,328.1,270.0,274.0,274.00,0.0,0.0,283.29,"48,906.00",298.30,"13,854,570.10","3,561",-24.3,58.1,-8.15,21.52,-3.39,328.10,104.70,,
2022/06/15,14,BHL,37.56,274.0,274.0,246.6,250.0,250.00,0.0,0.0,250.47,"34,219.00",274.00,"8,570,788.50","1,345",-24.0,27.40,-8.76,11.11,-0.19,328.10,104.70,,
2022/06/16,14,BHL,32.55,245.0,274.3,230.0,259.9,259.90,0.0,0.0,252.14,"10,055.00",250.00,"2,535,242.00",632,9.9,44.3,3.96,19.26,2.99,328.10,104.70,,
2022/05/06,20,BHL,32.77,193.0,195.0,190.0,192.0,192.00,0.0,0.0,192.10,"72,903.00",193.60,"14,005,027.90",394,-1.6,5.0,-0.83,2.63,-0.05,520.00,164.00,224.50,270.98
2022/05/25,13,BHL,33.92,104.7,110.9,104.7,110.9,110.90,0.0,0.0,106.35,130.00,104.70,"13,825.40",23,6.2,6.2,5.92,5.92,4.1,110.90,104.70,,
2022/03/27,20,BHL,32.77,193.0,195.0,190.0,192.0,192.00,0.0,0.0,192.10,"72,903.00",193.60,"14,005,027.90",394,-1.6,5.0,-0.83,2.63,-0.05,520.00,164.00,224.50,270.98
2022/05/26,13,BHL,38.18,113.1,113.1,113.1,113.1,113.10,0.0,0.0,113.76,30.00,110.90,"3,412.70",6,2.2,0.0,1.98,0.0,-0.58,113.10,104.70,,
2022/06/17,14,BHL,29.29,265.0,275.0,245.1,265.0,265.00,0.0,0.0,252.75,"8,537.00",259.90,"2,157,757.30",385,5.1,29.9,1.96,12.2,4.62,328.10,104.70,,
2022/07/07,14,BHL,35.89,250.9,252.0,240.0,245.0,245.00,0.0,0.0,243.00,"7,220.00",246.00,"1,754,439.00",203,-1.0,12.0,-0.41,5.0,0.82,328.10,104.70,,
2022/07/27,12,BHL,57.87,289.1,317.2,280.1,312.0,312.00,0.0,0.0,300.65,"29,128.00",295.00,"8,757,474.20",539,17.0,37.1,5.76,13.25,3.64,328.10,104.70,,
2022/08/17,14,BHL,29.87,325.1,336.8,325.1,334.0,334.00,0.0,0.0,330.36,"13,437.00",330.20,"4,439,040.80",249,3.8,11.7,1.15,3.6,1.09,397.00,104.70,,
2022/09/07,13,BHL,23.35,299.1,303.0,295.3,301.0,301.00,0.0,0.0,297.34,"3,821.00",304.90,"1,136,118.40",134,-3.9,7.7,-1.28,2.61,1.22,397.00,104.70,,
2022/10/10,15,BHL,40.94,266.1,269.5,249.9,262.1,262.10,0.0,0.0,255.64,"1,665.00",260.90,"425,642.00",53,1.2,19.6,0.46,7.84,2.46,397.00,104.70,,
2022/11/10,14,BHL,49.83,259.0,259.0,236.1,244.0,244.00,0.0,0.0,241.74,"5,339.00",254.00,"1,290,628.00",82,-10.0,22.9,-3.94,9.7,0.93,397.00,104.70,,
2022/12/06,15,BHL,31.91,241.0,251.0,241.0,249.9,249.90,0.0,0.0,247.35,"1,335.00",245.10,"330,215.00",70,4.8,10.0,1.96,4.15,1.02,397.00,104.70,,
2023/01/02,17,BHL,51.9,270.0,275.0,255.5,267.3,267.30,0.0,0.0,265.43,"6,960.00",265.20,"1,847,402.80",162,2.1,19.5,0.79,7.63,0.7,397.00,104.70,,
2023/01/31,17,BHL,44.6,333.2,360.0,333.2,352.1,352.10,0.0,0.0,347.06,"20,222.00",340.00,"7,018,334.30",357,12.1,26.8,3.56,8.04,1.43,397.00,104.70,,
2023/02/27,17,BHL,42.6,352.0,357.0,334.0,356.0,356.00,0.0,0.0,346.63,"9,301.00",351.00,"3,224,031.50",161,5.0,23.00,1.42,6.89,2.63,397.00,104.70,,
2023/03/27,17,BHL,43.8,320.0,336.0,314.1,335.0,335.00,0.0,0.0,323.10,"5,354.00",325.00,"1,729,875.40",106,10.0,21.9,3.08,6.97,3.55,397.00,104.70,,
2023/04/19,18,BHL,38.07,314.0,318.0,305.8,314.9,314.90,0.0,0.0,312.78,"2,590.00",312.00,"810,089.10",99,2.9,12.2,0.93,3.99,0.67,397.00,104.70,,
2019/10/05,20,BHL,32.77,193.0,195.0,190.0,192.0,192.00,0.0,0.0,192.10,"72,903.00",193.60,"14,005,027.90",394,-1.6,5.0,-0.83,2.63,-0.05,520.00,164.00,224.50,270.98
2023/05/15,18,BHL,27.53,273.0,280.0,267.0,273.0,273.00,0.0,0.0,273.24,"1,883.00",277.90,"514,505.20",73,-4.9,13.0,-1.76,4.87,-0.09,397.00,104.70,,
2024/07/17,20,BHL,32.77,193.0,195.0,190.0,192.0,192.00,0.0,0.0,192.10,"72,903.00",193.60,"14,005,027.90",394,-1.6,5.0,-0.83,2.63,-0.05,520.00,164.00,224.50,270.98
2022/02/15,20,BHL,32.77,193.0,195.0,190.0,192.0,192.00,0.0,0.0,192.10,"72,903.00",193.60,"14,005,027.90",394,-1.6,5.0,-0.83,2.63,-0.05,520.00,164.00,224.50,270.98
2022/01/06,20,BHL,32.77,193.0,195.0,190.0,192.0,192.00,0.0,0.0,192.10,"72,903.00",193.60,"14,005,027.90",394,-1.6,5.0,-0.83,2.63,-0.05,520.00,164.00,224.50,270.98
2021/10/19,20,BHL,32.77,193.0,195.0,190.0,192.0,192.00,0.0,0.0,192.10,"72,903.00",193.60,"14,005,027.90",394,-1.6,5.0,-0.83,2.63,-0.05,520.00,164.00,224.50,270.98
2021/09/10,20,BHL,32.77,193.0,195.0,190.0,192.0,192.00,0.0,0.0,192.10,"72,903.00",193.60,"14,005,027.90",394,-1.6,5.0,-0.83,2.63,-0.05,520.00,164.00,224.50,270.98
2021/06/21,20,BHL,32.77,193.0,195.0,190.0,192.0,192.00,0.0,0.0,192.10,"72,903.00",193.60,"14,005,027.90",394,-1.6,5.0,-0.83,2.63,-0.05,520.00,164.00,224.50,270.98
2021/04/03,20,BHL,32.77,193.0,195.0,190.0,192.0,192.00,0.0,0.0,192.10,"72,903.00",193.60,"14,005,027.90",394,-1.6,5.0,-0.83,2.63,-0.05,520.00,164.00,224.50,270.98
2021/02/21,20,BHL,32.77,193.0,195.0,190.0,192.0,192.00,0.0,0.0,192.10,"72,903.00",193.60,"14,005,027.90",394,-1.6,5.0,-0.83,2.63,-0.05,520.00,164.00,224.50,270.98
2021/01/13,20,BHL,32.77,193.0,195.0,190.0,192.0,192.00,0.0,0.0,192.10,"72,903.00",193.60,"14,005,027.90",394,-1.6,5.0,-0.83,2.63,-0.05,520.00,164.00,224.50,270.98
2020/12/04,20,BHL,32.77,193.0,195.0,190.0,192.0,192.00,0.0,0.0,192.10,"72,903.00",193.60,"14,005,027.90",394,-1.6,5.0,-0.83,2.63,-0.05,520.00,164.00,224.50,270.98
2020/10/25,20,BHL,32.77,193.0,195.0,190.0,192.0,192.00,0.0,0.0,192.10,"72,903.00",193.60,"14,005,027.90",394,-1.6,5.0,-0.83,2.63,-0.05,520.00,164.00,224.50,270.98
2020/09/22,20,BHL,32.77,193.0,195.0,190.0,192.0,192.00,0.0,0.0,192.10,"72,903.00",193.60,"14,005,027.90",394,-1.6,5.0,-0.83,2.63,-0.05,520.00,164.00,224.50,270.98
2020/09/23,20,BHL,32.77,193.0,195.0,190.0,192.0,192.00,0.0,0.0,192.10,"72,903.00",193.60,"14,005,027.90",394,-1.6,5.0,-0.83,2.63,-0.05,520.00,164.00,224.50,270.98
2020/09/13,20,BHL,32.77,193.0,195.0,190.0,192.0,192.00,0.0,0.0,192.10,"72,903.00",193.60,"14,005,027.90",394,-1.6,5.0,-0.83,2.63,-0.05,520.00,164.00,224.50,270.98
2020/08/05,20,BHL,32.77,193.0,195.0,190.0,192.0,192.00,0.0,0.0,192.10,"72,903.00",193.60,"14,005,027.90",394,-1.6,5.0,-0.83,2.63,-0.05,520.00,164.00,224.50,270.98
2020/06/22,20,BHL,32.77,193.0,195.0,190.0,192.0,192.00,0.0,0.0,192.10,"72,903.00",193.60,"14,005,027.90",394,-1.6,5.0,-0.83,2.63,-0.05,520.00,164.00,224.50,270.98
2020/02/15,20,BHL,32.77,193.0,195.0,190.0,192.0,192.00,0.0,0.0,192.10,"72,903.00",193.60,"14,005,027.90",394,-1.6,5.0,-0.83,2.63,-0.05,520.00,164.00,224.50,270.98
2019/11/20,20,BHL,32.77,193.0,195.0,190.0,192.0,192.00,0.0,0.0,192.10,"72,903.00",193.60,"14,005,027.90",394,-1.6,5.0,-0.83,2.63,-0.05,520.00,164.00,224.50,270.98
2019/08/25,20,BHL,32.77,193.0,195.0,190.0,192.0,192.00,0.0,0.0,192.10,"72,903.00",193.60,"14,005,027.90",394,-1.6,5.0,-0.83,2.63,-0.05,520.00,164.00,224.50,270.98
2019/06/02,20,BHL,32.77,193.0,195.0,190.0,192.0,192.00,0.0,0.0,192.10,"72,903.00",193.60,"14,005,027.90",394,-1.6,5.0,-0.83,2.63,-0.05,520.00,164.00,224.50,270.98
2019/04/21,20,BHL,32.77,193.0,195.0,190.0,192.0,192.00,0.0,0.0,192.10,"72,903.00",193.60,"14,005,027.90",394,-1.6,5.0,-0.83,2.63,-0.05,520.00,164.00,224.50,270.98
2019/03/10,20,BHL,32.77,193.0,195.0,190.0,192.0,192.00,0.0,0.0,192.10,"72,903.00",193.60,"14,005,027.90",394,-1.6,5.0,-0.83,2.63,-0.05,520.00,164.00,224.50,270.98
2018/09/19,20,BHL,32.77,193.0,195.0,190.0,192.0,192.00,0.0,0.0,192.10,"72,903.00",193.60,"14,005,027.90",394,-1.6,5.0,-0.83,2.63,-0.05,520.00,164.00,224.50,270.98
2018/12/13,20,BHL,32.77,193.0,195.0,190.0,192.0,192.00,0.0,0.0,192.10,"72,903.00",193.60,"14,005,027.90",394,-1.6,5.0,-0.83,2.63,-0.05,520.00,164.00,224.50,270.98
2019/08/19,20,BHL,32.77,193.0,195.0,190.0,192.0,192.00,0.0,0.0,192.10,"72,903.00",193.60,"14,005,027.90",394,-1.6,5.0,-0.83,2.63,-0.05,520.00,164.00,224.50,270.98
2018/05/16,20,BHL,32.77,193.0,195.0,190.0,192.0,192.00,0.0,0.0,192.10,"72,903.00",193.60,"14,005,027.90",394,-1.6,5.0,-0.83,2.63,-0.05,520.00,164.00,224.50,270.98
2018/04/06,20,BHL,32.77,193.0,195.0,190.0,192.0,192.00,0.0,0.0,192.10,"72,903.00",193.60,"14,005,027.90",394,-1.6,5.0,-0.83,2.63,-0.05,520.00,164.00,224.50,270.98
2018/02/25,20,BHL,32.77,193.0,195.0,190.0,192.0,192.00,0.0,0.0,192.10,"72,903.00",193.60,"14,005,027.90",394,-1.6,5.0,-0.83,2.63,-0.05,520.00,164.00,224.50,270.98
2017/11/16,20,BHL,32.77,193.0,195.0,190.0,192.0,192.00,0.0,0.0,192.10,"72,903.00",193.60,"14,005,027.90",394,-1.6,5.0,-0.83,2.63,-0.05,520.00,164.00,224.50,270.98
2017/10/19,20,BHL,32.77,193.0,195.0,190.0,192.0,192.00,0.0,0.0,192.10,"72,903.00",193.60,"14,005,027.90",394,-1.6,5.0,-0.83,2.63,-0.05,520.00,164.00,224.50,270.98
2017/09/06,20,BHL,32.77,193.0,195.0,190.0,192.0,192.00,0.0,0.0,192.10,"72,903.00",193.60,"14,005,027.90",394,-1.6,5.0,-0.83,2.63,-0.05,520.00,164.00,224.50,270.98
2017/06/12,20,BHL,32.77,193.0,195.0,190.0,192.0,192.00,0.0,0.0,192.10,"72,903.00",193.60,"14,005,027.90",394,-1.6,5.0,-0.83,2.63,-0.05,520.00,164.00,224.50,270.98
2017/04/30,20,BHL,32.77,193.0,195.0,190.0,192.0,192.00,0.0,0.0,192.10,"72,903.00",193.60,"14,005,027.90",394,-1.6,5.0,-0.83,2.63,-0.05,520.00,164.00,224.50,270.98
